time,gyr_x,gyr_y,gyr_z,acc_x,acc_y,acc_z,fsr_left,fsr_right,fsr_spine,label
0.02,0.2037,0.1782,-0.6527,0.5255,0.0003,0.8517,0.092,0.1521,0.1386,1
0.04,0.3387,0.2143,-0.2189,0.5218,0.0095,0.8537,0.0901,0.1531,0.1449,1
0.06,0.2085,-0.4605,-0.0419,0.5205,0.0017,0.8528,0.0909,0.1524,0.1526,1
0.08,0.007,-0.0712,-0.153,0.5143,0.0058,0.8495,0.0913,0.152,0.152,1
0.1,0.1966,0.0575,-0.5196,0.5143,0.0053,0.848,0.0913,0.1533,0.1332,1
0.12,0.3589,-0.0416,-0.2086,0.5154,0.0061,0.8498,0.0919,0.1534,0.143,1
0.14,0.4137,-0.2515,0.0623,0.5212,0.0118,0.8537,0.0912,0.1529,0.1547,1
0.16,0.4688,-0.3347,0.1789,0.5243,0.0146,0.8505,0.0914,0.1526,0.1475,1
0.18,0.413,-0.2136,0.1432,0.5258,0.0169,0.8495,0.0906,0.1522,0.1498,1
0.2,-0.21,-0.3806,-0.1184,0.5259,0.0131,0.8508,0.0912,0.1523,0.1507,1
0.22,-0.7568,-0.6075,-0.0868,0.5236,0.012,0.8531,0.0907,0.1512,0.137,1
0.24,-0.7199,-0.2694,0.1018,0.5192,0.0064,0.8509,0.0917,0.1517,0.1528,1
0.26,-0.4013,0.2798,-0.0035,0.5203,0.0079,0.8503,0.0917,0.1511,0.151,1
0.28,-0.1599,0.4226,-0.2049,0.525,0.0125,0.8492,0.0914,0.1509,0.1467,1
0.3,-0.1125,0.5024,-0.0568,0.5224,0.0137,0.8489,0.0916,0.1525,0.1407,1
0.32,-0.0707,0.1957,0.0497,0.5217,0.0117,0.8509,0.0913,0.1506,0.1408,1
0.34,-0.0134,-0.0615,0.0493,0.5247,0.0099,0.8545,0.0912,0.1515,0.1492,1
0.36,-0.3226,-0.0686,0.0102,0.5238,0.0102,0.8546,0.0914,0.1514,0.1395,1
0.38,-0.3335,0.1532,-0.225,0.5183,0.0151,0.8563,0.0917,0.1517,0.1421,1
0.4,-0.229,0.4869,-0.3269,0.5147,0.0121,0.8566,0.0927,0.1516,0.1434,1
0.42,-0.1578,0.2776,0.3516,0.5194,0.0139,0.8516,0.093,0.1517,0.1432,1
0.44,-0.257,0.1832,0.5314,0.5205,0.0087,0.8516,0.0907,0.1514,0.1421,1
0.46,-0.3258,0.0252,0.4445,0.5255,0.0069,0.8527,0.0917,0.1516,0.1401,1
0.48,-0.3627,-0.2644,0.2706,0.5252,0.0064,0.8522,0.0935,0.1495,0.144,1
0.5,0.0495,0.1325,0.2545,0.5257,0.0116,0.8506,0.0917,0.1501,0.1642,1
0.52,0.092,0.1575,0.445,0.5215,0.0093,0.8488,0.0918,0.1496,0.1437,1
0.54,-0.1052,0.1292,0.6807,0.5233,0.0087,0.844,0.0919,0.1508,0.1497,1
0.56,-0.6994,0.0118,0.293,0.5255,0.0007,0.8507,0.0925,0.1507,0.1373,1
0.58,-0.3832,0.5275,0.3201,0.5235,0.0082,0.8491,0.0908,0.1523,0.1278,1
0.6,-0.3202,0.8696,0.0916,0.5216,0.0096,0.8445,0.0905,0.1501,0.1581,1
0.62,-0.0695,0.2329,-0.3938,0.5223,0.004,0.8462,0.0915,0.1514,0.1495,1
0.64,0.3264,-0.6996,-0.1861,0.5243,0.0089,0.8519,0.0928,0.151,0.1362,1
0.66,0.3468,-0.7442,0.0386,0.523,0.0066,0.8526,0.0938,0.1522,0.1458,1
0.68,0.154,-0.4578,0.0159,0.5265,0.0136,0.853,0.0904,0.1514,0.149,1
0.7,0.1796,-0.0414,-0.0429,0.5205,0.0139,0.8493,0.0914,0.1512,0.1424,1
0.72,0.041,0.5638,-0.0248,0.5185,0.0144,0.8505,0.0931,0.1529,0.1433,1
0.74,0.1421,0.3342,-0.0621,0.5191,0.0112,0.8544,0.0925,0.1523,0.1571,1
0.76,-0.0684,0.0349,0.0679,0.5169,0.0073,0.8559,0.0911,0.1506,0.1335,1
0.78,-0.2305,-0.0707,0.1097,0.5197,0.0099,0.8534,0.0903,0.1511,0.132,1
0.8,-0.3639,-0.0487,-0.2939,0.5206,0.0094,0.851,0.0906,0.1507,0.1423,1
0.82,-0.4061,0.0924,-0.3905,0.5217,0.014,0.8506,0.0918,0.1498,0.1449,1
0.84,-0.3214,0.0924,0.1336,0.5225,0.0164,0.8516,0.0913,0.1508,0.1492,1
0.86,-0.2632,-0.1517,0.0636,0.5221,0.0118,0.852,0.09,0.1511,0.1334,1
0.88,-0.2893,0.4913,-0.1112,0.5247,0.0106,0.8537,0.091,0.1509,0.1263,1
0.9,-0.1178,0.6739,0.1704,0.5232,0.0115,0.8559,0.0909,0.1503,0.1468,1
0.92,-0.1628,0.503,0.3603,0.5224,0.0133,0.8549,0.0913,0.1502,0.1463,1
0.94,0.1918,0.0441,0.3783,0.522,0.0091,0.8524,0.0891,0.1495,0.1337,1
0.96,0.0632,-0.8697,0.397,0.5257,0.0122,0.8506,0.0899,0.1495,0.1142,1
0.98,-0.0153,-0.6027,-0.0997,0.5209,0.0151,0.8529,0.0892,0.1502,0.1472,1
1.0,0.0357,-0.8966,0.2216,0.5222,0.0112,0.8509,0.0911,0.1494,0.1474,1
1.02,-0.0684,-0.4302,0.1477,0.5228,0.0076,0.8503,0.0887,0.1492,0.1349,1
1.04,-0.1992,-0.3649,0.1517,0.5217,0.0087,0.8488,0.0872,0.1495,0.1536,1
1.06,-0.1591,-0.6531,-0.1706,0.5205,0.0153,0.8463,0.0898,0.1496,0.1612,1
1.08,-0.025,-0.21,-0.1075,0.5302,0.0132,0.8518,0.087,0.1491,0.1342,1
1.1,-0.7258,-0.0348,-0.0897,0.5255,0.0174,0.8527,0.0891,0.1492,0.14,1
1.12,-0.6459,-0.392,-0.2304,0.5297,0.0122,0.8523,0.087,0.149,0.1259,1
1.14,-0.7981,-0.0945,-0.0429,0.5275,0.0153,0.8502,0.0893,0.1491,0.1383,1
1.16,-1.0798,0.6648,-0.062,0.5286,0.0097,0.8432,0.0891,0.1494,0.1379,1
1.18,-0.4079,0.4372,0.4982,0.5249,0.0096,0.8476,0.0885,0.149,0.126,1
1.2,-0.5659,0.0018,0.6775,0.5241,0.0068,0.8508,0.0896,0.1492,0.1401,1
1.22,-0.7472,0.0117,0.4596,0.5242,0.0132,0.8481,0.0876,0.1497,0.1462,1
1.24,-0.5737,0.0748,-0.0032,0.5274,0.0121,0.848,0.0878,0.1498,0.1547,1
1.26,-0.7345,0.1196,-0.2643,0.5285,0.0084,0.8484,0.0882,0.1488,0.1557,1
1.28,-0.5393,0.372,0.0821,0.5241,0.0071,0.85,0.0891,0.149,0.1575,1
1.3,-0.1467,0.361,0.6408,0.522,0.0092,0.8537,0.0885,0.1491,0.1382,1
1.32,0.1183,0.4849,0.6308,0.521,0.0102,0.8536,0.0894,0.1486,0.1333,1
1.34,0.1773,0.8749,0.2923,0.5201,0.009,0.8516,0.0903,0.1472,0.138,1
1.36,0.0062,0.7113,0.1211,0.5194,0.0087,0.8507,0.0902,0.1477,0.1363,1
1.38,-0.0504,-0.0324,-0.1157,0.5199,0.008,0.8503,0.0897,0.1479,0.1526,1
1.4,0.0363,-0.309,-0.3102,0.5207,0.0063,0.8504,0.0913,0.1478,0.1432,1
1.42,0.4545,-0.0701,-0.2058,0.5252,0.0077,0.8514,0.0908,0.1472,0.1261,1
1.44,0.7532,-0.4575,-0.2836,0.5254,0.008,0.8528,0.0898,0.1479,0.1283,1
1.46,0.6786,-0.35,-0.1506,0.5259,0.0152,0.8524,0.0912,0.1475,0.1583,1
1.48,0.4656,-0.3997,0.2352,0.5297,0.0097,0.8502,0.093,0.1475,0.1449,1
1.5,0.0691,-0.7392,0.2781,0.5285,0.013,0.8499,0.0931,0.1482,0.1596,1
1.52,-0.4272,-0.3388,-0.1403,0.5252,0.0183,0.8474,0.0916,0.1475,0.1377,1
1.54,-0.9386,0.8025,-1.0358,0.5188,0.0106,0.851,0.0914,0.1473,0.1468,1
1.56,-1.4948,1.1388,-1.0558,0.5156,0.015,0.8503,0.092,0.1474,0.1441,1
1.58,-0.6255,0.5223,-0.1984,0.5247,0.0083,0.8479,0.0902,0.1475,0.1386,1
1.6,0.0538,-0.1714,0.546,0.5306,0.0012,0.8441,0.0908,0.1469,0.1604,1
1.62,0.3564,0.0901,-0.0017,0.5258,0.0165,0.8539,0.0922,0.1472,0.1511,1
1.64,0.3036,0.255,-0.0379,0.526,0.0155,0.8539,0.0924,0.1472,0.1456,1
1.66,0.587,0.6678,-0.0742,0.5255,0.0103,0.8526,0.0918,0.1481,0.1424,1
1.68,0.7099,0.6292,0.0824,0.5177,0.0124,0.8511,0.0908,0.1467,0.1367,1
1.7,0.5,-0.1817,-0.0282,0.5167,0.0184,0.8511,0.0923,0.1487,0.1202,1
1.72,0.1282,0.1311,0.0831,0.5233,0.0202,0.8493,0.0926,0.1482,0.1295,1
1.74,0.1225,-0.2732,0.0798,0.5208,0.0151,0.8537,0.0916,0.1468,0.1489,1
1.76,-0.2968,-0.1465,0.3167,0.5229,0.0119,0.8563,0.0918,0.1489,0.1628,1
1.78,-0.4396,-0.205,0.238,0.5247,0.0155,0.8541,0.091,0.1486,0.1641,1
1.8,-0.6119,0.0732,0.3983,0.5212,0.0159,0.8499,0.0913,0.1493,0.1508,1
1.82,-0.1009,-0.0673,0.3941,0.5211,0.0159,0.8502,0.0911,0.1477,0.1485,1
1.84,-0.2186,-0.0061,0.3706,0.5239,0.0092,0.8486,0.0917,0.1467,0.1513,1
1.86,-0.0242,0.2817,0.1998,0.5225,0.0096,0.8499,0.0916,0.1475,0.1325,1
1.88,0.146,0.2846,0.0716,0.5238,0.0116,0.849,0.0911,0.1478,0.1335,1
1.9,-0.0588,0.1823,0.1241,0.523,0.0147,0.852,0.0911,0.1476,0.145,1
1.92,0.0171,-0.132,0.4771,0.5236,0.0132,0.8533,0.092,0.1477,0.1484,1
1.94,0.1021,-0.5164,0.7885,0.5237,0.011,0.8504,0.0922,0.1468,0.1531,1
1.96,0.0355,-0.4738,0.6211,0.5238,0.0118,0.8494,0.0917,0.1471,0.1556,1
1.98,-0.1353,0.0166,0.304,0.5272,0.012,0.8503,0.09,0.1472,0.1474,1
2.0,-0.1303,0.0734,0.1297,0.5232,0.013,0.852,0.0917,0.1476,0.1611,1
2.02,0.0068,-0.2375,0.227,0.5215,0.0101,0.8533,0.0904,0.1469,0.1618,1
2.04,-0.1708,-0.1689,0.3,0.52,0.0138,0.8535,0.0916,0.1475,0.1315,1
2.06,-0.3289,-0.1531,0.3036,0.5192,0.0171,0.8526,0.0916,0.1487,0.1457,1
2.08,-0.4381,-0.0418,0.1783,0.5248,0.0167,0.8524,0.0929,0.1485,0.151,1
2.1,-0.4226,0.091,0.0352,0.5224,0.0135,0.8484,0.0908,0.1492,0.1432,1
2.12,-0.4304,0.4201,0.4402,0.5263,0.0106,0.8478,0.0915,0.1475,0.1493,1
2.14,-0.3578,-0.0208,0.1778,0.5264,0.005,0.8486,0.0912,0.1482,0.1387,1
2.16,-0.0463,-0.2281,0.318,0.5256,0.0113,0.8477,0.0906,0.1477,0.1533,1
2.18,-0.063,0.199,0.3878,0.5229,0.0135,0.8511,0.0907,0.147,0.1545,1
2.2,-0.0012,0.1576,0.1868,0.5276,0.0141,0.8548,0.09,0.148,0.1624,1
2.22,-0.2058,0.4565,0.0458,0.5207,0.0106,0.8485,0.093,0.1461,0.1455,1
2.24,-0.1291,-0.2826,0.0483,0.5207,0.0147,0.8499,0.0919,0.1487,0.1417,1
2.26,-0.2439,-0.5511,0.4311,0.5246,0.0185,0.8543,0.0925,0.1488,0.1497,1
2.28,-0.2963,0.2563,0.2261,0.5236,0.0148,0.8537,0.0908,0.1483,0.1547,1
2.3,-0.3177,0.3896,-0.1459,0.525,0.015,0.8489,0.0916,0.1485,0.138,1
2.32,-0.3383,0.1686,0.0129,0.527,0.0168,0.852,0.0931,0.1474,0.1358,1
2.34,-0.5718,0.4042,0.0224,0.5231,0.0139,0.8516,0.0914,0.1481,0.1325,1
2.36,-0.5327,0.7509,0.2468,0.5237,0.0103,0.8517,0.091,0.1492,0.1099,1
2.38,0.0553,0.9797,0.2713,0.5241,0.0146,0.8532,0.0902,0.1482,0.1445,1
2.4,0.0025,0.1214,0.0864,0.5201,0.0107,0.8533,0.0907,0.1477,0.1397,1
2.42,-0.3225,-0.7524,-0.0278,0.5233,0.0137,0.8533,0.0918,0.1474,0.1419,1
2.44,-0.2762,-0.3389,0.0516,0.5269,0.0191,0.8527,0.0927,0.1478,0.1426,1
2.46,-0.4793,0.3393,0.1615,0.5271,0.0171,0.8523,0.0925,0.1475,0.1448,1
2.48,-0.3936,0.4467,0.2611,0.5224,0.0109,0.8521,0.0914,0.1474,0.1395,1
2.5,-0.5417,0.251,0.6452,0.5211,0.0114,0.8525,0.0912,0.1477,0.1445,1
2.52,-0.3799,0.1623,0.4156,0.5246,0.0123,0.8517,0.0919,0.1481,0.1495,1
2.54,0.0351,0.3478,0.1632,0.5258,0.0141,0.8516,0.0929,0.1478,0.1387,1
2.56,0.2655,-0.0669,0.2542,0.5227,0.0115,0.8545,0.0927,0.1475,0.1387,1
2.58,0.2055,-0.7228,0.3967,0.5243,0.0112,0.854,0.0912,0.1476,0.137,1
2.6,-0.0092,-0.3496,0.2306,0.5267,0.0152,0.851,0.0902,0.1471,0.1302,1
2.62,-0.1738,0.2238,-0.1277,0.5256,0.015,0.8519,0.0911,0.1479,0.1401,1
2.64,-0.2967,0.2686,-0.0201,0.525,0.0174,0.8475,0.0912,0.1475,0.1454,1
2.66,-0.1281,-0.4174,0.2168,0.5221,0.0158,0.8508,0.0903,0.1473,0.1422,1
2.68,0.2,-0.1614,0.277,0.5217,0.0117,0.85,0.0916,0.1483,0.1405,1
2.7,0.1323,-0.2096,0.2941,0.5202,0.0136,0.8491,0.0907,0.1475,0.1466,1
2.72,-0.2451,0.0415,-0.0106,0.5277,0.0184,0.8543,0.0928,0.1477,0.1515,1
2.74,-0.3254,0.3374,0.0202,0.5238,0.0155,0.8509,0.0925,0.1468,0.1413,1
2.76,-0.2342,0.0743,0.159,0.5269,0.0163,0.8501,0.091,0.1473,0.1345,1
2.78,-0.1339,0.4401,0.3961,0.5264,0.0135,0.8518,0.0913,0.1473,0.1432,1
2.8,-0.0957,-0.1116,0.1553,0.5247,0.0123,0.8555,0.0923,0.1488,0.1425,1
2.82,-0.1153,-0.4812,0.1086,0.5214,0.0128,0.8485,0.0913,0.1478,0.1409,1
2.84,-0.2943,-0.372,0.1157,0.5256,0.0154,0.8508,0.0917,0.1482,0.1614,1
2.86,-0.6018,-0.8278,0.2112,0.5238,0.0125,0.8493,0.0919,0.1469,0.141,1
2.88,0.1492,-0.9007,0.3628,0.5197,0.0138,0.8524,0.0908,0.1477,0.14,1
2.9,0.1225,-0.1605,0.3926,0.5261,0.0072,0.8505,0.0909,0.1481,0.1476,1
2.92,-0.1152,0.5236,0.2431,0.5243,0.0063,0.8512,0.0917,0.1489,0.144,1
2.94,-0.1761,0.402,-0.4821,0.5241,0.0073,0.8513,0.0912,0.1483,0.1507,1
2.96,-0.5167,0.1552,-0.5257,0.5274,0.0136,0.8465,0.0915,0.148,0.156,1
2.98,-0.566,-0.3086,0.1577,0.524,0.0188,0.848,0.0922,0.1482,0.1493,1
3.0,-0.4694,-0.499,0.6833,0.5252,0.0192,0.8483,0.0919,0.1485,0.1397,1
3.02,-0.0746,0.1569,1.0735,0.5276,0.0144,0.8483,0.0923,0.1485,0.1581,1
3.04,-0.1156,0.0098,1.1349,0.5272,0.0215,0.8506,0.0935,0.1491,0.1558,1
3.06,-0.3678,-0.1173,1.0512,0.5252,0.0192,0.8494,0.0929,0.1478,0.1407,1
3.08,-0.8232,0.071,0.7149,0.5252,0.0131,0.8495,0.0911,0.1477,0.1583,1
3.1,-0.8866,0.5485,0.4157,0.5214,0.0101,0.8492,0.0914,0.1482,0.1627,1
3.12,-0.5398,0.9117,0.1486,0.5201,0.0132,0.8496,0.0923,0.148,0.1535,1
3.14,-0.0507,0.4684,-0.4362,0.5237,0.0109,0.8497,0.0908,0.1474,0.1566,1
3.16,0.2066,0.1645,-0.8986,0.5234,0.0127,0.8525,0.0911,0.1473,0.1386,1
3.18,0.0911,-0.3241,-0.719,0.5224,0.01,0.8541,0.0901,0.1471,0.1363,1
3.2,0.1142,-0.4857,-0.2868,0.5257,0.0065,0.852,0.0901,0.1471,0.1352,1
3.22,-0.0788,0.2069,-0.2408,0.5272,0.0136,0.8463,0.0915,0.1456,0.158,1
3.24,-0.4204,0.2135,-0.1049,0.5278,0.0168,0.8448,0.0912,0.1472,0.1416,1
3.26,-0.6739,0.2126,-0.1187,0.5266,0.012,0.8489,0.0912,0.1486,0.1489,1
3.28,-0.5509,0.3049,0.1112,0.5241,0.0113,0.8517,0.0916,0.1485,0.1555,1
3.3,-0.1809,-0.0543,0.7538,0.5255,0.0105,0.8558,0.0907,0.148,0.1457,1
3.32,-0.4441,-0.0932,0.476,0.5217,0.0175,0.8555,0.0922,0.1473,0.1475,1
3.34,-0.7476,0.4669,0.2401,0.5234,0.0096,0.8581,0.093,0.1491,0.1261,1
3.36,-0.5799,1.0536,-0.4524,0.5278,0.0165,0.85,0.0923,0.1476,0.1418,1
3.38,-0.2836,0.1047,-0.6139,0.5221,0.0136,0.8506,0.0935,0.1473,0.1362,1
3.4,-0.2575,-0.715,-0.5267,0.5201,0.0076,0.8533,0.0911,0.1468,0.139,1
3.42,-0.6696,-0.2516,-0.5029,0.523,0.0131,0.8511,0.0917,0.1459,0.1521,1
3.44,-0.1426,0.7317,-0.0707,0.5297,0.0195,0.8444,0.0889,0.1476,0.1388,1
3.46,-0.2509,0.2857,0.3514,0.525,0.01,0.8499,0.0908,0.1481,0.1456,1
3.48,0.1397,0.394,0.6091,0.5216,0.013,0.8495,0.0913,0.1476,0.1363,1
3.5,0.0097,-0.0582,1.0432,0.5247,0.0139,0.8496,0.0921,0.1492,0.155,1
3.52,-0.4532,-0.335,0.8056,0.5283,0.015,0.8555,0.0926,0.1491,0.1384,1
3.54,-0.5428,0.5125,0.9138,0.5263,0.0079,0.849,0.0914,0.1484,0.1364,1
3.56,-0.4632,0.615,0.7928,0.5259,0.0052,0.8436,0.0921,0.1483,0.1469,1
3.58,-0.2987,0.4379,0.779,0.5223,0.0106,0.8466,0.0924,0.1476,0.1475,1
3.6,-0.1474,0.135,0.5876,0.5243,0.0083,0.8514,0.092,0.1476,0.1311,1
3.62,-0.204,-0.2712,0.3207,0.5239,0.0058,0.852,0.0928,0.1467,0.1509,1
3.64,-0.4618,-0.1664,0.2455,0.5253,0.011,0.8544,0.0933,0.1473,0.1473,1
3.66,-0.586,0.2241,0.2556,0.5208,0.0093,0.8531,0.0928,0.1479,0.1405,1
3.68,-0.4983,0.0664,0.2826,0.5173,0.0109,0.8522,0.0918,0.1473,0.1413,1
3.7,-0.5265,0.1217,0.2168,0.5198,0.0103,0.8528,0.0924,0.147,0.1462,1
3.72,-0.1568,0.256,0.1288,0.5218,0.0101,0.8519,0.0929,0.1475,0.1431,1
3.74,0.0001,0.5059,0.0645,0.5255,0.0109,0.8542,0.0926,0.1482,0.1378,1
3.76,0.108,0.7318,0.0077,0.5261,0.012,0.8547,0.0923,0.1487,0.1367,1
3.78,0.2321,0.1709,-0.0347,0.5239,0.011,0.8526,0.0921,0.1472,0.1565,1
3.8,0.337,-0.1184,0.2074,0.5291,0.0111,0.8524,0.0921,0.1474,0.1515,1
3.82,0.1281,0.1501,0.3657,0.5284,0.0114,0.853,0.0925,0.1488,0.1507,1
3.84,-0.1244,0.1379,0.3883,0.5257,0.0104,0.8498,0.0922,0.1491,0.1488,1
3.86,-0.3245,0.3441,0.0836,0.5256,0.0009,0.853,0.0907,0.1481,0.1481,1
3.88,-0.5495,0.7959,0.1264,0.5198,0.0027,0.8516,0.0932,0.1482,0.1396,1
3.9,-0.4098,1.1749,-0.0437,0.5196,0.0052,0.8472,0.0934,0.1479,0.1382,1
3.92,0.0983,0.3169,0.2123,0.5176,0.0031,0.8529,0.0939,0.1474,0.1443,1
3.94,0.1507,1.1101,0.1436,0.5205,0.0084,0.8534,0.093,0.1461,0.1464,1
3.96,-0.1541,0.9239,0.3289,0.5188,0.0096,0.8514,0.0938,0.1479,0.1595,1
3.98,-0.1568,0.498,0.1369,0.5239,0.0067,0.8546,0.0947,0.1471,0.1592,1
4.0,-0.7868,1.2328,-0.1063,0.5248,0.0097,0.8511,0.0967,0.1487,0.1548,1
4.02,-0.4197,0.7335,0.4513,0.5301,0.0128,0.8537,0.0952,0.1452,0.1604,1
4.04,-0.8002,1.5512,0.0847,0.5215,0.0113,0.8567,0.096,0.1456,0.141,1
4.06,-0.699,1.4214,-0.0855,0.5156,0.0092,0.8567,0.0954,0.1441,0.158,1
4.08,-0.3183,0.5512,-0.2523,0.515,0.0085,0.8609,0.095,0.1438,0.1331,1
4.1,-0.1429,-0.4425,0.0593,0.5179,0.0078,0.8537,0.0946,0.1453,0.1559,1
4.12,0.1409,-0.2904,0.1272,0.5224,0.0103,0.851,0.0965,0.1451,0.1501,1
4.14,0.3044,0.3957,-0.1518,0.5238,0.014,0.8536,0.1001,0.1433,0.1355,1
4.16,0.3413,0.5746,0.3241,0.5199,0.008,0.8528,0.099,0.1439,0.1599,1
4.18,0.1064,0.8592,0.2283,0.5185,0.0112,0.8509,0.106,0.1447,0.1461,1
4.2,-0.0989,0.7011,0.0063,0.5165,0.008,0.8542,0.1071,0.1431,0.1495,1
4.22,-0.3187,0.5157,-0.1707,0.515,0.0121,0.8592,0.1071,0.1414,0.1518,1
4.24,0.0415,1.0108,-0.0558,0.5178,0.0099,0.8574,0.1076,0.1414,0.1423,1
4.26,0.3831,0.8807,-0.0639,0.5175,0.01,0.8557,0.1078,0.1423,0.1292,1
4.28,0.275,0.599,-0.179,0.5154,0.015,0.8552,0.1085,0.1428,0.1406,1
4.3,-0.0296,0.4005,-0.2916,0.5186,0.0152,0.8548,0.1106,0.1428,0.1506,1
4.32,-0.4614,0.3698,-0.2603,0.52,0.0148,0.8563,0.1119,0.1424,0.1465,1
4.34,-0.5766,0.3163,-0.3956,0.5172,0.0117,0.8576,0.1096,0.1424,0.1526,1
4.36,-0.5111,0.2784,-0.28,0.5168,0.0091,0.8596,0.1034,0.1431,0.1523,1
4.38,-0.0579,-0.0318,-0.1782,0.5202,0.0091,0.857,0.0969,0.1425,0.1412,1
4.4,0.033,0.2628,0.0016,0.519,0.0134,0.8538,0.094,0.1432,0.1378,1
4.42,0.1768,0.1515,-0.1142,0.5148,0.0131,0.8554,0.0939,0.1428,0.1558,1
4.44,0.0483,-0.495,-0.0407,0.516,0.0093,0.8535,0.0949,0.1432,0.1626,1
4.46,0.0333,0.0717,-0.0467,0.5193,0.0164,0.8535,0.0924,0.1434,0.1522,1
4.48,0.214,3.1885,-0.2018,0.5158,0.018,0.8593,0.0927,0.1447,0.1366,1
4.5,0.3902,5.3082,-0.1253,0.5166,0.0105,0.8591,0.095,0.1435,0.1581,1
4.52,0.4332,4.7758,0.0518,0.5136,0.0087,0.8586,0.095,0.1423,0.161,1
4.54,0.5661,2.5829,0.3013,0.5085,0.0109,0.8581,0.0943,0.1424,0.1416,1
4.56,0.8239,-1.3079,0.4327,0.5098,0.0133,0.8629,0.0935,0.1438,0.1347,1
4.58,0.9454,-2.668,0.3348,0.5136,0.0155,0.862,0.0937,0.1457,0.1476,1
4.6,0.36,-2.041,0.4108,0.5165,0.0166,0.8625,0.0913,0.1442,0.1877,1
4.62,-0.0121,-0.8777,0.2292,0.5131,0.0137,0.8586,0.0923,0.1438,0.1533,1
4.64,-0.1529,-1.1635,0.0595,0.5151,0.011,0.8582,0.0928,0.1449,0.1375,1
4.66,-0.4682,-1.5876,0.3423,0.5175,0.0207,0.8556,0.0918,0.1447,0.1645,1
4.68,-0.3799,-1.6475,0.3292,0.5213,0.0151,0.8603,0.0897,0.146,0.1298,1
4.7,-0.1216,-0.1258,-0.0092,0.5172,0.0098,0.8528,0.0924,0.1468,0.1332,1
4.72,-0.2239,-0.2497,0.3789,0.52,0.0164,0.8544,0.0909,0.1454,0.1328,1
4.74,-0.0166,-0.2584,0.2701,0.5168,0.0094,0.855,0.0903,0.1478,0.1575,1
4.76,-0.2345,-0.6319,0.3202,0.5168,0.0116,0.8566,0.0909,0.1459,0.1357,1
4.78,0.0316,-1.1194,0.5641,0.515,0.0165,0.8542,0.0898,0.1449,0.1278,1
4.8,0.3141,-1.4554,0.792,0.5124,0.0123,0.8549,0.0911,0.146,0.1246,1
4.82,0.2808,-1.1669,0.5701,0.5201,0.0077,0.8567,0.0907,0.146,0.1522,1
4.84,0.0104,-1.0594,0.3118,0.5175,0.0155,0.8559,0.0907,0.1454,0.1565,1
4.86,-0.0748,-1.4652,0.3275,0.5184,0.0185,0.8539,0.0912,0.1461,0.154,1
4.88,-0.2385,-0.4865,0.3654,0.5218,0.0142,0.8553,0.0917,0.1465,0.1436,1
4.9,-0.4558,-0.0959,0.362,0.5225,0.0067,0.8529,0.093,0.1462,0.1343,1
4.92,-0.5595,-0.9373,0.0735,0.5189,0.0135,0.8538,0.0917,0.1463,0.1487,1
4.94,-0.4136,-1.7022,0.2307,0.5152,0.0156,0.8555,0.0908,0.1469,0.1437,1
4.96,-0.4562,-2.0571,0.1651,0.5183,0.0124,0.8569,0.0921,0.1475,0.1478,1
4.98,-0.6539,-1.125,0.3851,0.5225,0.01,0.855,0.0927,0.1486,0.1465,1
5.0,-0.4655,0.1918,0.2849,0.5201,0.0145,0.8518,0.0904,0.1483,0.1452,1
5.02,-0.2246,0.9532,0.0218,0.5204,0.0162,0.8547,0.0903,0.1472,0.1568,1
5.04,0.0413,1.3509,0.2027,0.522,0.0179,0.8571,0.0909,0.1479,0.1561,1
5.06,0.3115,1.3585,0.4992,0.5227,0.0114,0.8579,0.091,0.148,0.1488,1
5.08,0.2149,1.092,0.7334,0.5199,0.0081,0.8588,0.0911,0.1475,0.1472,1
5.1,0.1226,0.6129,0.5241,0.5171,0.0144,0.8607,0.0915,0.1472,0.131,1
5.12,-0.2589,-0.1835,0.226,0.517,0.0134,0.8602,0.0912,0.1477,0.1321,1
5.14,-0.4524,0.0845,0.1365,0.5177,0.0129,0.8586,0.0916,0.1497,0.1441,1
5.16,-0.1719,0.5809,0.291,0.5168,0.0127,0.8568,0.0918,0.1481,0.1418,1
5.18,0.1683,0.4384,0.3988,0.5158,0.0094,0.8566,0.0901,0.1467,0.1479,1
5.2,-0.3707,-0.385,0.1842,0.5182,0.0112,0.8578,0.0898,0.1472,0.1391,1
5.22,-0.4419,-0.5609,0.0029,0.5194,0.0137,0.857,0.0902,0.1471,0.1448,1
5.24,-0.4721,-0.7209,0.0826,0.5216,0.0138,0.853,0.0905,0.1467,0.1468,1
5.26,-0.3927,-0.9575,0.3142,0.5271,0.0164,0.8538,0.0909,0.147,0.1518,1
5.28,-0.306,-0.31,0.3281,0.5217,0.0135,0.8505,0.0914,0.1478,0.1396,1
5.3,-0.0673,-0.2737,0.432,0.5193,0.0139,0.8538,0.0904,0.1473,0.13,1
5.32,-0.1664,0.65,0.0529,0.5224,0.0048,0.8566,0.0916,0.1465,0.1379,1
5.34,-0.0492,0.7053,0.0866,0.5235,0.0104,0.8532,0.0907,0.1472,0.1596,1
5.36,0.1186,-0.2913,0.2251,0.5184,0.0131,0.8544,0.0923,0.1482,0.1526,1
5.38,-0.3704,-0.2439,0.2393,0.52,0.0157,0.8593,0.0906,0.1472,0.1618,1
5.4,-0.358,-0.3594,-0.1194,0.5226,0.0142,0.853,0.0902,0.1479,0.1608,1
5.42,-0.8703,0.6844,0.0081,0.5172,0.0119,0.8478,0.0907,0.1477,0.1592,1
5.44,-1.0125,0.1337,0.0072,0.5194,0.012,0.8547,0.0922,0.147,0.1534,1
5.46,-0.5961,0.5435,-0.1502,0.5185,0.007,0.8527,0.0908,0.1479,0.1543,1
5.48,-0.7054,0.7284,0.1841,0.5215,0.0097,0.8529,0.0914,0.1482,0.154,1
5.5,-0.83,0.9588,0.1013,0.5243,0.0161,0.857,0.092,0.1474,0.1343,1
5.52,-0.6023,0.5634,0.1872,0.5231,0.0098,0.8597,0.09,0.1477,0.153,1
5.54,-0.5617,0.4336,0.4357,0.5212,0.0073,0.8544,0.0911,0.1478,0.1517,1
5.56,-0.1243,-0.018,0.2726,0.5212,0.0101,0.8534,0.0924,0.1475,0.1454,1
5.58,-0.0953,-0.0519,0.2415,0.5196,0.0148,0.8558,0.0922,0.1471,0.1395,1
5.6,-0.0047,0.2846,0.1285,0.5173,0.015,0.8544,0.0918,0.147,0.1415,1
5.62,-0.0009,0.3728,0.1098,0.5168,0.0124,0.8569,0.0915,0.1476,0.1415,1
5.64,0.1586,0.4877,0.1558,0.5184,0.0092,0.8559,0.0914,0.1467,0.1593,1
5.66,-0.0263,0.2436,0.331,0.5167,0.0095,0.8561,0.0903,0.1481,0.1575,1
5.68,-0.2385,0.2371,0.4668,0.5201,0.0137,0.856,0.091,0.1477,0.1457,1
5.7,-0.407,0.5026,0.2555,0.5171,0.0079,0.8577,0.0915,0.1485,0.1414,1
5.72,-0.1565,0.5348,0.15,0.5169,0.009,0.8531,0.0914,0.1486,0.1504,1
5.74,0.0121,0.486,0.22,0.5158,0.0125,0.8565,0.0915,0.1483,0.162,1
5.76,-0.0571,0.1858,0.3905,0.5151,0.0115,0.8573,0.0913,0.1485,0.1554,1
5.78,0.0487,-0.1751,0.3805,0.5161,0.01,0.8558,0.09,0.1485,0.1572,1
5.8,0.0247,-0.1847,0.2166,0.5199,0.0105,0.8571,0.0913,0.1474,0.1667,1
5.82,-0.0053,0.0736,0.013,0.5175,0.0114,0.8573,0.092,0.1461,0.1596,1
5.84,-0.1222,0.0432,0.0358,0.5152,0.0121,0.8536,0.0915,0.1462,0.149,1
5.86,-0.0838,-0.1948,0.1083,0.5181,0.0104,0.8532,0.092,0.1477,0.1442,1
5.88,-0.0946,-0.102,0.0208,0.5207,0.0139,0.8587,0.0915,0.1475,0.1385,1
5.9,-0.2708,0.3235,0.274,0.52,0.0088,0.8583,0.0907,0.1481,0.1462,1
5.92,-0.2848,0.3502,0.4574,0.5206,0.0072,0.852,0.0913,0.1484,0.1586,1
5.94,-0.0566,-0.1796,0.4509,0.5194,0.0111,0.8545,0.0909,0.1479,0.1582,1
5.96,0.1855,-0.3101,0.3392,0.5171,0.0102,0.8586,0.0917,0.1475,0.1456,1
5.98,0.0078,-0.2324,0.199,0.5174,0.0126,0.8581,0.0911,0.1476,0.1493,1
6.0,-0.4224,0.0651,-0.0589,0.5189,0.0118,0.8586,0.0923,0.1482,0.1529,1
6.02,-0.6484,-0.2711,0.0253,0.5171,0.01,0.8589,0.0918,0.148,0.1429,1
6.04,-0.0341,-0.4552,0.3912,0.5206,0.01,0.8526,0.0907,0.147,0.1386,1
6.06,0.4161,0.3301,0.6051,0.5201,0.0124,0.8555,0.0912,0.1478,0.1687,1
6.08,0.3,0.7549,0.321,0.5179,0.0093,0.8555,0.091,0.1482,0.1644,1
6.1,0.1061,0.7147,0.2477,0.5141,0.0095,0.8533,0.0912,0.1473,0.1711,1
6.12,-0.1569,0.7613,0.1609,0.5169,0.0133,0.8585,0.0908,0.1471,0.1619,1
6.14,-0.3323,0.5629,0.0603,0.5186,0.0104,0.8576,0.0907,0.1476,0.1564,1
6.16,-0.3771,0.598,0.1986,0.52,0.012,0.8552,0.0908,0.1494,0.141,1
6.18,-0.1738,0.3589,0.0043,0.5165,0.0136,0.8547,0.0919,0.1485,0.1569,1
6.2,-0.4383,-0.2442,-0.1798,0.5194,0.013,0.8552,0.0912,0.1474,0.1545,1
6.22,-0.5451,-0.6954,-0.0056,0.5146,0.0156,0.8526,0.0917,0.1479,0.1586,1
6.24,-0.1407,-0.9757,0.3005,0.5187,0.0088,0.8514,0.0907,0.1479,0.1577,1
6.26,-0.3376,-0.0163,0.0385,0.5143,0.016,0.8517,0.091,0.1478,0.1581,1
6.28,0.1503,0.0082,0.1467,0.5117,0.0168,0.8589,0.0911,0.1474,0.1515,1
6.3,-0.3786,0.7689,0.0671,0.5166,0.0136,0.858,0.0909,0.1493,0.1661,1
6.32,-0.0839,0.8057,0.0165,0.5179,0.012,0.8551,0.0898,0.1493,0.1668,1
6.34,-0.3251,0.9905,0.3236,0.5162,0.0125,0.8583,0.0911,0.1494,0.1559,1
6.36,0.0541,0.4144,0.2505,0.5168,0.0113,0.8573,0.0891,0.1471,0.1543,1
6.38,-0.1657,-0.579,0.2191,0.5184,0.0117,0.8557,0.0929,0.1472,0.147,1
6.4,-0.116,-0.8591,-0.1345,0.5202,0.0145,0.8569,0.0914,0.1468,0.1523,1
6.42,-0.0176,-0.528,0.2647,0.5149,0.0089,0.8585,0.0906,0.146,0.1634,1
6.44,-0.2637,-0.1624,0.5673,0.518,0.0077,0.8559,0.0925,0.1471,0.1541,1
6.46,-0.2461,0.1496,0.2377,0.5182,0.0146,0.8507,0.0911,0.1478,0.1515,1
6.48,-0.7942,-0.0444,0.3878,0.5186,0.0115,0.8526,0.0909,0.1472,0.1562,1
6.5,-0.7337,0.1565,0.1028,0.5187,0.0069,0.8527,0.0932,0.1468,0.1343,1
6.52,-0.6795,-0.2976,0.1397,0.5209,0.0091,0.8578,0.0919,0.1484,0.1515,1
6.54,-0.6525,-0.0893,0.0661,0.519,0.0124,0.8578,0.0926,0.1473,0.1557,1
6.56,-0.3601,-0.3598,-0.1479,0.5172,0.0109,0.8575,0.0928,0.1464,0.1382,1
6.58,-0.2675,0.1791,-0.114,0.5159,0.0077,0.8581,0.0928,0.1468,0.1494,1
6.6,-0.0484,0.3445,-0.0508,0.5174,0.0028,0.8594,0.0918,0.1469,0.1542,1
6.62,0.0786,0.1327,0.011,0.5149,0.0097,0.8596,0.0921,0.1461,0.1456,1
6.64,0.2794,0.2237,0.0345,0.5166,0.0076,0.8604,0.0931,0.1461,0.1546,1
6.66,0.4097,0.528,-0.251,0.5173,0.0108,0.8565,0.0927,0.1442,0.1662,1
6.68,0.2434,0.3428,-0.3363,0.5188,0.0118,0.8568,0.0937,0.143,0.1764,1
6.7,0.3734,-0.1603,-0.2408,0.5197,0.0141,0.8591,0.093,0.1442,0.1967,1
6.72,0.0515,0.2183,-0.2744,0.5162,0.0142,0.857,0.0929,0.1446,0.1735,1
6.74,-0.1947,0.6225,-0.0872,0.5172,0.0129,0.8583,0.0936,0.145,0.1641,1
6.76,-0.287,0.6155,-0.0678,0.5199,0.0059,0.8565,0.0927,0.1453,0.1563,1
6.78,-0.5491,0.4566,-0.0548,0.5192,0.0047,0.8531,0.09,0.1448,0.1551,1
6.8,-0.5436,0.2251,-0.0632,0.5137,0.0061,0.8551,0.0918,0.1447,0.1494,1
6.82,-0.1295,0.0477,-0.1115,0.5146,0.0128,0.8551,0.0931,0.1448,0.1553,1
6.84,0.2643,-0.2846,-0.1586,0.5189,0.0145,0.8566,0.0911,0.1447,0.1639,1
6.86,0.327,-0.2715,-0.0777,0.5201,0.0117,0.8583,0.0912,0.1448,0.157,1
6.88,0.3712,-0.2435,0.0337,0.5204,0.0138,0.8571,0.0917,0.1453,0.1462,1
6.9,0.2395,0.1819,-0.0424,0.5182,0.0145,0.8573,0.0918,0.1442,0.1553,1
6.92,0.2175,0.7339,0.062,0.5161,0.0154,0.8569,0.0921,0.1443,0.1528,1
6.94,0.06,0.7393,0.057,0.5155,0.0164,0.8566,0.0925,0.1457,0.1628,1
6.96,-0.1229,0.1751,0.0243,0.5161,0.0139,0.8595,0.0898,0.1449,0.1548,1
6.98,-0.3652,-0.2312,0.3363,0.5179,0.0144,0.86,0.0905,0.1446,0.1514,1
7.0,-0.5405,0.1213,0.3791,0.5207,0.0129,0.8603,0.0925,0.1441,0.164,1
7.02,-0.5243,0.9091,0.2593,0.5176,0.009,0.8582,0.0927,0.1437,0.1593,1
7.04,-0.869,1.7587,-0.0905,0.5199,0.0084,0.849,0.0916,0.1427,0.1459,1
7.06,-1.0178,0.929,-0.4614,0.5259,0.0119,0.8524,0.0921,0.1439,0.1726,1
7.08,-0.9928,-0.7169,-0.4805,0.5218,0.0139,0.864,0.0919,0.1459,0.1861,1
7.1,-0.2763,-0.8627,-0.6573,0.5095,0.0156,0.8732,0.093,0.1447,0.1679,1
7.12,0.8676,0.6449,-0.2527,0.5113,0.0107,0.8659,0.0931,0.1443,0.1544,1
7.14,1.1392,0.2548,-0.0757,0.5102,0.0146,0.8571,0.0933,0.1439,0.1612,1
7.16,0.7711,-1.2135,-0.0623,0.512,0.0145,0.8539,0.0929,0.1438,0.1622,1
7.18,-0.3706,-1.5537,1.2111,0.513,0.0235,0.8585,0.0927,0.1444,0.1538,1
7.2,-1.0046,-1.5793,1.7149,0.5192,0.023,0.8549,0.0926,0.1431,0.1674,1
7.22,-1.3525,-0.6999,2.0042,0.5221,0.0202,0.8551,0.0914,0.1442,0.1548,1
7.24,-1.2836,-0.3257,1.0763,0.5233,0.0194,0.8557,0.0908,0.144,0.1517,1
7.26,-1.1168,-0.5172,0.9261,0.5192,0.0129,0.8618,0.0921,0.1451,0.1415,1
7.28,-0.7087,-0.4659,0.1781,0.5147,0.0075,0.8616,0.0902,0.146,0.1523,1
7.3,-1.0772,0.2992,0.0032,0.5152,-0.0024,0.849,0.0932,0.1443,0.1575,1
7.32,-0.6983,-0.1681,0.0007,0.5211,0.0042,0.8394,0.0913,0.1453,0.1475,1
7.34,-0.7093,-2.6778,0.5185,0.5196,0.009,0.8542,0.0916,0.1461,0.1647,1
7.36,-0.2946,-1.5082,0.9127,0.519,0.0123,0.8539,0.0909,0.1448,0.1571,1
7.38,0.07,-1.8274,1.0724,0.5262,0.0048,0.8578,0.0902,0.146,0.163,1
7.4,-0.1008,-1.7513,1.7607,0.5188,0.0188,0.8642,0.0923,0.1454,0.1452,1
7.42,-0.766,0.4391,2.0259,0.5129,0.0209,0.8499,0.0916,0.145,0.1617,1
7.44,-1.5731,1.6083,2.4319,0.5211,0.0209,0.8417,0.0912,0.1458,0.145,1
7.46,-1.1985,0.2613,2.4254,0.5255,0.011,0.841,0.0915,0.1455,0.1653,1
7.48,0.0664,-1.8907,1.6032,0.5233,-0.0069,0.8496,0.091,0.1469,0.1541,1
7.5,0.2824,-0.8631,0.4622,0.521,-0.0141,0.8485,0.0905,0.1455,0.1691,1
7.52,0.6429,-0.1107,0.1091,0.5238,-0.0044,0.8548,0.0897,0.1448,0.16,1
7.54,0.8349,-2.0076,-0.2286,0.5214,0.002,0.858,0.0903,0.1464,0.1386,1
7.56,0.4704,-2.2289,-0.2963,0.5137,0.0119,0.8548,0.0932,0.1445,0.153,1
7.58,0.1399,-3.3517,-0.0905,0.5185,0.0207,0.8579,0.0933,0.146,0.1281,1
7.6,-0.081,-3.7799,0.2095,0.5253,0.0152,0.8586,0.0918,0.147,0.1461,1
7.62,-0.3098,-1.5375,0.68,0.5345,0.0088,0.8379,0.0918,0.1469,0.1542,1
7.64,-0.4634,-1.7117,0.6571,0.5293,0.0039,0.8483,0.0907,0.1465,0.1563,1
7.66,-0.0562,-2.3798,0.9047,0.5279,0.007,0.8561,0.0919,0.1456,0.1679,1
7.68,-0.0448,-1.6423,1.4697,0.5374,0.0078,0.8438,0.0915,0.146,0.1505,1
7.7,0.5132,-1.3226,0.8425,0.5299,0.017,0.8485,0.091,0.1472,0.1531,1
7.72,0.3741,-2.3228,0.4902,0.5284,0.0122,0.8544,0.0909,0.1472,0.1559,1
7.74,0.1202,-2.0322,0.1676,0.5275,0.0083,0.8421,0.0904,0.1466,0.1385,1
7.76,0.4571,-2.8752,0.0901,0.5333,0.0051,0.8447,0.0901,0.148,0.1249,1
7.78,0.2777,-3.6153,0.3492,0.5272,0.0059,0.8557,0.0878,0.1475,0.131,1
7.8,0.3861,-2.3543,0.1682,0.528,0.0024,0.8518,0.0873,0.1488,0.1476,1
7.82,0.5694,-1.7108,0.0848,0.5308,0.006,0.8448,0.0878,0.1482,0.1529,1
7.84,0.7911,-3.2882,0.5142,0.5384,0.0101,0.8379,0.0876,0.1467,0.138,1
7.86,0.7787,-3.6733,0.5226,0.5398,0.002,0.8264,0.0886,0.1468,0.1447,1
7.88,0.5435,-3.5087,0.4055,0.5447,0.0035,0.8291,0.0893,0.1463,0.1496,1
7.9,0.6922,-2.8703,0.176,0.5469,0.0065,0.8321,0.0887,0.1461,0.1358,1
7.92,0.6712,-1.1045,-0.1586,0.5453,0.0125,0.8395,0.0887,0.148,0.134,1
7.94,0.0751,-0.2969,-0.121,0.5379,0.0121,0.8492,0.0902,0.1476,0.1472,1
7.96,-0.1378,0.3769,0.2392,0.5379,0.0119,0.8477,0.0897,0.1472,0.1393,1
7.98,-0.0262,1.2615,0.3131,0.5396,0.0066,0.8402,0.0887,0.1483,0.1399,1
8.0,0.0746,1.2401,0.2592,0.5376,0.0083,0.8423,0.0882,0.1479,0.1337,1
8.02,0.0896,0.6125,0.1244,0.5317,0.0121,0.8414,0.0883,0.1473,0.1364,1
8.04,0.1812,-1.2275,0.18,0.5283,0.0157,0.8394,0.089,0.1474,0.1452,1
8.06,-0.0808,-3.4108,0.4085,0.5316,0.0132,0.8449,0.0885,0.1475,0.1339,1
8.08,-0.2695,-2.6542,0.1852,0.5358,0.0078,0.847,0.087,0.1478,0.135,1
8.1,0.0241,-0.7024,-0.4473,0.543,0.0081,0.8354,0.0859,0.1479,0.1486,1
8.12,0.5536,-0.3769,-0.2441,0.5434,0.007,0.833,0.0867,0.1483,0.1409,1
8.14,0.7917,-1.9286,0.5916,0.5457,0.0077,0.8395,0.0879,0.1491,0.1186,1
8.16,0.7373,-1.5475,0.8127,0.5449,0.0111,0.8394,0.0873,0.149,0.1099,1
8.18,-0.3833,-0.7012,0.9085,0.5386,0.0168,0.839,0.0879,0.1485,0.1138,1
8.2,-1.496,-0.9111,0.8825,0.5372,0.0114,0.841,0.0862,0.1477,0.1184,1
8.22,-0.591,-0.4335,-0.3079,0.5395,-0.0042,0.8382,0.0866,0.1474,0.1157,1
8.24,1.2376,0.616,-0.9159,0.5417,-0.015,0.8299,0.0898,0.1476,0.1108,1
8.26,2.7448,0.2946,-0.3898,0.5429,-0.0026,0.8314,0.0908,0.1479,0.1183,1
8.28,2.9452,-0.8733,-0.083,0.5434,0.015,0.8367,0.0906,0.1482,0.1183,1
8.3,2.3322,-0.9695,-0.4905,0.5443,0.0173,0.8345,0.0912,0.1482,0.1123,1
8.32,0.9613,-1.4694,-0.8315,0.5437,0.0257,0.8379,0.0913,0.1473,0.1144,1
8.34,-0.6167,-1.6391,-1.3134,0.5432,0.0259,0.844,0.0917,0.1475,0.1216,1
8.36,-1.1379,-0.8937,-1.6898,0.5404,0.0157,0.8435,0.0891,0.1479,0.1336,1
8.38,-1.1704,0.0568,-1.7788,0.5401,0.0129,0.8372,0.0873,0.1479,0.1181,1
8.4,-0.7842,0.0813,-1.5026,0.5414,0.0127,0.8314,0.0857,0.1472,0.1121,1
8.42,-0.768,-0.9135,-1.0846,0.5437,0.0171,0.8292,0.0847,0.1474,0.1044,1
8.44,-0.9233,-1.7163,-0.5624,0.5472,0.0225,0.8323,0.0832,0.1474,0.1024,1
8.46,-0.6977,-1.9657,-0.2198,0.5487,0.0189,0.8312,0.083,0.1469,0.1163,1
8.48,-1.1195,-1.8835,-0.2637,0.5476,0.0197,0.8298,0.0842,0.1466,0.11,1
8.5,-1.039,-1.6697,0.0756,0.5472,0.0197,0.8311,0.0834,0.1467,0.1141,1
8.52,-0.703,-1.8077,0.6333,0.549,0.015,0.8331,0.0837,0.1471,0.1344,1
8.54,-0.5987,-1.5634,0.134,0.5452,0.0111,0.8308,0.0827,0.1475,0.1433,1
8.56,-0.4017,-1.0356,-0.9938,0.5433,0.0114,0.8267,0.0818,0.1473,0.1139,1
8.58,-0.249,-0.7773,-1.4982,0.547,0.0109,0.8255,0.0806,0.1473,0.1073,1
8.6,0.2512,-0.5582,-1.0929,0.5501,0.0143,0.8246,0.0706,0.1475,0.1065,1
8.62,0.6978,-1.1408,0.1776,0.5504,0.0184,0.8217,0.0668,0.1482,0.1051,1
8.64,0.8726,-1.0603,1.2483,0.5473,0.024,0.822,0.0668,0.1481,0.1,1
8.66,0.952,-0.9688,1.6173,0.5447,0.0288,0.8243,0.0676,0.147,0.1139,1
8.68,0.4409,-0.7001,1.9457,0.5457,0.0196,0.8337,0.0669,0.1474,0.1155,1
8.7,0.0908,0.216,2.0613,0.5483,0.0077,0.8356,0.0702,0.1484,0.1173,1
8.72,0.151,0.9399,1.7964,0.5501,0.0064,0.8291,0.0735,0.1477,0.113,1
8.74,0.3063,0.2859,1.2962,0.5471,0.0069,0.8279,0.0755,0.147,0.123,1
8.76,0.1034,-0.2043,0.9367,0.5448,0.0062,0.8359,0.0784,0.1478,0.1178,1
8.78,-0.0635,0.5439,1.1297,0.5485,0.0098,0.8311,0.08,0.1474,0.1198,1
8.8,-0.252,0.4141,0.7334,0.5516,0.0153,0.8272,0.0824,0.1476,0.1261,1
8.82,-0.4409,-0.726,0.5161,0.5516,0.0144,0.8288,0.0838,0.1478,0.1292,1
8.84,-0.8047,-0.8733,0.7591,0.5468,0.0132,0.8343,0.0841,0.1479,0.133,1
8.86,-0.7035,0.3411,0.575,0.5487,0.0159,0.83,0.0854,0.1478,0.1409,1
8.88,-0.6538,0.4127,0.5685,0.5476,0.0154,0.8282,0.0836,0.1478,0.1344,1
8.9,0.3157,0.0725,-0.1414,0.5482,0.0077,0.829,0.0846,0.1468,0.1327,1
8.92,1.0395,-0.329,-0.1633,0.5481,0.0085,0.828,0.0844,0.1481,0.1253,1
8.94,1.0247,-0.6282,0.2176,0.5489,0.0123,0.8232,0.0853,0.147,0.1379,1
8.96,0.7879,-0.4085,0.1047,0.5541,0.0131,0.8244,0.0857,0.1472,0.1428,1
8.98,0.592,0.0325,-0.2377,0.5483,0.0289,0.8283,0.0851,0.1478,0.1357,1
9.0,0.2005,0.5718,0.1502,0.5508,0.0298,0.8242,0.0855,0.1485,0.115,1
9.02,-0.5392,-0.0542,0.1937,0.5547,0.0167,0.8232,0.0861,0.1477,0.1118,1
9.04,-0.319,0.07,-0.6702,0.5588,0.0112,0.8243,0.0858,0.147,0.115,1
9.06,-0.3391,-0.2528,-0.4461,0.5592,0.0262,0.8269,0.0865,0.1461,0.1233,1
9.08,-1.0924,0.0633,-0.5171,0.5498,0.0245,0.8298,0.0868,0.1476,0.1352,1
9.1,-1.1832,0.8401,-0.3932,0.5472,0.0216,0.8336,0.0861,0.1482,0.1382,1
9.12,-0.507,0.4168,0.6902,0.5492,0.011,0.832,0.0845,0.1484,0.1319,1
9.14,-0.4995,-0.359,1.0771,0.5495,0.0051,0.8271,0.0856,0.1481,0.1445,1
9.16,-0.3282,0.2097,0.6723,0.5454,0.0032,0.825,0.0847,0.1484,0.1386,1
9.18,0.0781,0.2074,0.6106,0.5501,0.0105,0.8282,0.086,0.1474,0.1412,1
9.2,-0.3953,0.2264,1.1277,0.5477,0.0162,0.8214,0.0861,0.1496,0.1473,1
9.22,-0.3497,0.659,0.7008,0.5554,0.0098,0.8171,0.0871,0.1475,0.1328,1
9.24,-1.3528,0.731,0.2688,0.5577,0.0103,0.8219,0.0878,0.1476,0.1517,1
9.26,-2.5458,0.5762,0.6653,0.5541,0.0297,0.8292,0.0861,0.1483,0.1486,1
9.28,-3.4766,0.4338,1.9502,0.5548,0.0189,0.8261,0.087,0.1486,0.1392,1
9.3,-3.0225,1.8952,1.884,0.5616,0.0004,0.8124,0.0875,0.1489,0.1523,1
9.32,-2.1041,2.5243,1.5553,0.5603,0.0055,0.8193,0.0877,0.1483,0.1465,1
9.34,-0.8452,1.149,2.7892,0.5526,0.0005,0.8253,0.0899,0.148,0.1447,1
9.36,0.0656,1.2838,2.298,0.5528,-0.0053,0.8136,0.0906,0.1474,0.1562,1
9.38,0.6769,0.973,1.1419,0.5508,-0.0065,0.8184,0.0908,0.1453,0.1558,1
9.4,0.9698,-0.0043,0.4519,0.5431,-0.004,0.8338,0.0903,0.1472,0.147,1
9.42,0.1036,0.3867,-0.2683,0.5411,-0.0013,0.8437,0.0888,0.1476,0.119,1
9.44,-0.2716,1.1093,-0.8049,0.5422,0.007,0.832,0.0904,0.1466,0.1436,1
9.46,-0.1707,0.5606,-1.0851,0.5383,0.0088,0.838,0.0908,0.1465,0.1578,1
9.48,-0.1042,-0.0549,-0.251,0.5392,0.0015,0.8352,0.0913,0.1479,0.1516,1
9.5,-0.0241,1.1348,-0.2428,0.5442,0.0103,0.8268,0.0904,0.1481,0.1347,1
9.52,0.161,1.3987,0.0073,0.5422,0.0158,0.832,0.0903,0.1474,0.1557,1
9.54,-0.5882,0.8709,0.2159,0.5403,0.0154,0.8411,0.0903,0.1481,0.1594,1
9.56,-0.8676,1.2575,0.4235,0.5556,0.0135,0.8222,0.0912,0.1479,0.1442,1
9.58,-0.8262,0.2599,0.9336,0.5517,0.0097,0.8248,0.0922,0.1471,0.1386,1
9.6,-0.8271,-0.409,1.9311,0.548,0.0106,0.8335,0.0935,0.1478,0.141,1
9.62,-0.7257,0.8684,2.5653,0.55,0.0068,0.8367,0.0929,0.1486,0.1465,1
9.64,0.4282,1.9612,1.6745,0.5491,0.008,0.8291,0.0928,0.1476,0.1596,1
9.66,1.0542,1.1803,0.9724,0.5431,0.005,0.8335,0.0945,0.1464,0.1515,1
9.68,0.8429,0.1735,0.9323,0.5406,0.0037,0.8396,0.0936,0.1465,0.1461,1
9.7,0.6272,0.9199,0.7625,0.5411,0.0055,0.8316,0.094,0.1468,0.1644,1
9.72,0.5755,1.1679,0.1234,0.54,0.0068,0.8342,0.0936,0.1486,0.152,1
9.74,0.4402,0.4825,0.3556,0.5369,0.0064,0.8386,0.0939,0.1481,0.1774,1
9.76,0.4219,0.4691,0.6202,0.5393,0.0052,0.8373,0.0933,0.1482,0.1674,1
9.78,-0.0781,0.3582,0.9222,0.5372,0.0115,0.8347,0.095,0.148,0.1532,1
9.8,-0.3913,0.0368,1.105,0.5424,0.0113,0.8382,0.0949,0.1487,0.1568,1
9.82,-0.5005,0.6007,0.8589,0.5431,0.0092,0.8385,0.0954,0.1465,0.1486,1
9.84,-0.5301,1.1224,0.8717,0.5401,0.0099,0.8365,0.0939,0.1464,0.1495,1
9.86,-0.2713,0.5314,1.1764,0.538,0.0047,0.8382,0.0934,0.146,0.1457,1
9.88,-0.3858,0.0992,1.205,0.539,0.0092,0.8396,0.0942,0.147,0.1496,1
9.9,-0.6214,0.31,1.1873,0.5427,0.0116,0.8406,0.0934,0.1473,0.1476,1
9.92,-0.5657,0.1362,1.5982,0.5389,0.0076,0.8348,0.0937,0.1464,0.1679,1
9.94,-1.0279,0.0951,1.6192,0.5432,0.0053,0.8325,0.0939,0.1463,0.164,1
9.96,-1.2896,0.3176,1.1941,0.5412,0.0062,0.8375,0.093,0.1459,0.158,1
9.98,-0.8238,0.6262,0.8636,0.5382,0.0001,0.8348,0.094,0.1464,0.1482,1
10.0,0.301,0.913,0.8618,0.54,-0.0036,0.8351,0.0945,0.1463,0.1433,1
10.02,0.7843,0.9446,0.9705,0.5406,0.0017,0.8363,0.0941,0.1464,0.1428,1
10.04,0.8076,0.637,0.5161,0.5381,0.0053,0.8355,0.0949,0.1466,0.1576,1
10.06,0.4156,-0.1249,0.1031,0.5407,0.0051,0.8399,0.095,0.1467,0.1737,1
10.08,-0.0429,-0.594,0.3101,0.54,0.0067,0.8394,0.0942,0.1465,0.1543,1
10.1,-0.1367,-0.3484,0.9379,0.5404,0.004,0.8361,0.0939,0.1464,0.1446,1
10.12,-0.0481,0.1461,1.3478,0.542,-0.0003,0.8338,0.0921,0.1461,0.1542,1
10.14,0.1482,0.5794,1.4278,0.5372,0.0009,0.8363,0.0931,0.1478,0.1409,1
10.16,0.208,1.3224,1.4756,0.5362,0.0011,0.8401,0.094,0.1477,0.1506,1
10.18,-0.108,2.0048,1.1861,0.5375,0.0022,0.8399,0.0939,0.1466,0.1625,1
10.2,0.0337,1.4967,1.0901,0.5396,0.0046,0.8387,0.0941,0.1455,0.1538,1
10.22,-0.1305,0.3546,0.2876,0.5395,0.004,0.836,0.0924,0.1453,0.146,1
10.24,-0.1909,-0.638,-0.1715,0.5391,0.0047,0.8378,0.093,0.1454,0.1605,1
10.26,-0.3606,-1.3149,-0.0902,0.539,0.0094,0.8384,0.0931,0.146,0.1424,1
10.28,-0.4611,-0.571,-0.247,0.5377,0.0099,0.8379,0.0927,0.1468,0.1511,1
10.3,-0.2877,0.5269,-0.5752,0.5369,0.0018,0.8377,0.0916,0.1463,0.1452,1
10.32,-0.1951,0.7638,-0.2168,0.538,0.0086,0.8404,0.0906,0.146,0.1377,1
10.34,-0.0855,0.2758,0.2557,0.5355,0.0102,0.8395,0.0912,0.1463,0.1322,1
10.36,-0.0408,-0.5305,1.2368,0.5396,0.0074,0.8336,0.0918,0.1466,0.1348,1
10.38,-0.1919,-0.7403,2.0148,0.5386,0.0069,0.8345,0.091,0.1462,0.1286,1
10.4,-0.6344,-0.4825,1.7089,0.5378,0.0048,0.8351,0.0908,0.1456,0.1371,1
10.42,-0.7989,-0.3466,0.9313,0.5405,-0.0008,0.8354,0.091,0.1453,0.1436,1
10.44,-0.734,0.2162,0.2432,0.5429,-0.0041,0.8415,0.0911,0.146,0.1464,1
10.46,-0.7497,0.9918,-0.0195,0.5426,-0.006,0.8403,0.0916,0.1454,0.1619,1
10.48,-0.5074,0.9384,-0.1091,0.5407,-0.0054,0.8376,0.0927,0.1453,0.1552,1
10.5,-0.1182,0.0845,-0.2066,0.5359,-0.0003,0.8359,0.0939,0.1457,0.1502,1
10.52,0.1079,-0.2094,-0.1829,0.5349,0.002,0.8317,0.0935,0.1457,0.1628,1
10.54,0.2841,-0.3441,-0.4462,0.5367,0.0034,0.8323,0.0934,0.1461,0.1582,1
10.56,0.2061,-0.5617,-0.2512,0.5371,0.0038,0.8399,0.0926,0.1462,0.1577,1
10.58,0.1705,-0.288,0.1991,0.5396,0.0044,0.8411,0.0931,0.1462,0.149,1
10.6,0.2988,0.3762,0.0145,0.5414,0.0066,0.8405,0.0947,0.1458,0.1344,1
10.62,0.1232,0.8599,-0.3267,0.5407,0.0081,0.8409,0.0948,0.145,0.1469,1
10.64,0.021,0.9398,-0.4434,0.5419,0.0053,0.8355,0.0948,0.1464,0.1557,1
10.66,0.0477,0.5382,-0.3313,0.5426,0.0058,0.8343,0.0949,0.1469,0.1533,1
10.68,0.1038,0.0997,-0.2022,0.5413,0.0067,0.8413,0.0952,0.1463,0.155,1
10.7,0.1808,0.0843,-0.3026,0.5375,-0.0012,0.843,0.0954,0.1462,0.1471,1
10.72,0.0052,0.514,-0.7327,0.5347,-0.0014,0.841,0.0951,0.1455,0.1537,1
10.74,0.1301,0.7573,-0.9638,0.5369,0.0062,0.8413,0.0942,0.1461,0.166,1
10.76,0.3865,0.0024,-0.6523,0.5382,0.0084,0.8389,0.0942,0.1469,0.153,1
10.78,0.4814,-0.4294,-0.4078,0.5371,0.0084,0.8389,0.0947,0.147,0.1578,1
10.8,0.5192,0.0079,-0.135,0.5371,0.0114,0.8382,0.0946,0.147,0.1648,1
10.82,0.0448,0.6401,-0.0404,0.5396,0.0113,0.8382,0.0954,0.1474,0.1636,1
10.84,-0.516,1.1468,-0.491,0.5397,0.0075,0.8363,0.0947,0.1468,0.1727,1
10.86,-1.2412,1.2619,-0.7258,0.5383,0.0122,0.8387,0.0936,0.1458,0.1659,1
10.88,-1.8529,0.8397,-0.6323,0.5318,0.0148,0.8502,0.0952,0.146,0.1549,1
10.9,-2.1085,0.7596,-0.6262,0.5285,0.0127,0.8539,0.0942,0.147,0.1511,1
10.92,-2.3502,0.8068,-1.0854,0.5239,0.0028,0.8548,0.0943,0.1456,0.1492,1
10.94,-1.9967,0.6421,-1.5542,0.5288,-0.0017,0.846,0.095,0.1455,0.1513,1
10.96,-0.5708,0.258,-1.6554,0.5372,-0.0024,0.8295,0.0941,0.1461,0.1525,1
10.98,0.0034,-0.194,-1.2797,0.5369,-0.0016,0.8291,0.0924,0.1456,0.1555,1
11.0,0.6626,-0.7582,-0.8485,0.5366,0.0004,0.8376,0.0921,0.1465,0.1732,1
11.02,1.1429,-0.5513,-0.2176,0.5407,0.0054,0.8369,0.0928,0.1465,0.1707,1
11.04,1.0546,0.1707,0.1774,0.5476,0.0073,0.8234,0.0927,0.1464,0.1482,1
11.06,1.912,0.2413,-0.9587,0.5493,-0.005,0.8264,0.0948,0.1466,0.1471,1
11.08,3.2853,0.0083,-1.928,0.5476,-0.0099,0.8337,0.0947,0.1465,0.1617,1
11.1,5.4101,0.1368,-1.6533,0.5416,0.0032,0.8393,0.0936,0.1479,0.1251,1
11.12,6.0562,-0.2291,-1.1876,0.5374,0.0106,0.839,0.0941,0.1481,0.1451,1
11.14,5.2611,-0.5205,-0.5561,0.5349,0.0263,0.8387,0.0953,0.1461,0.1463,1
11.16,3.0525,-0.3053,-0.1493,0.534,0.0337,0.8386,0.0941,0.1456,0.1348,1
11.18,-0.7851,-0.6453,-0.914,0.5389,0.0339,0.8384,0.0944,0.1455,0.1575,1
11.2,-2.4837,-0.4583,0.0472,0.5447,0.0256,0.8354,0.0954,0.1456,0.1518,1
11.22,-3.6999,0.9106,0.5353,0.5407,0.0222,0.8357,0.0936,0.1459,0.1541,1
11.24,-3.7376,1.8886,0.3604,0.539,0.0158,0.838,0.0941,0.1468,0.1643,1
11.26,-2.4364,2.6433,0.5128,0.5244,0.0201,0.847,0.095,0.145,0.171,1
11.28,-1.8604,2.7409,0.7372,0.532,0.0129,0.8417,0.0942,0.145,0.1379,1
11.3,-1.8516,2.2172,-0.4343,0.5294,0.0041,0.8424,0.0941,0.1455,0.1542,1
11.32,-1.4649,-0.1994,-2.0388,0.5311,0.0005,0.8548,0.0945,0.1473,0.1664,1
11.34,-0.5526,0.3632,-1.9798,0.5268,0.0003,0.8408,0.0952,0.1458,0.1476,1
11.36,0.1851,-0.5286,-1.0977,0.532,0.0054,0.8369,0.0957,0.1451,0.1641,1
11.38,0.8725,-0.7881,-0.771,0.5375,0.0064,0.8417,0.0979,0.1482,0.1559,1
11.4,0.6942,0.4696,0.6708,0.5371,0.0181,0.8487,0.0953,0.1463,0.1447,1
11.42,0.0472,1.0378,1.0598,0.537,0.0302,0.8413,0.0969,0.1446,0.1585,1
11.44,-0.3591,0.9044,0.6458,0.5398,0.0205,0.8426,0.0966,0.1482,0.1582,1
11.46,-1.2394,1.1755,0.7811,0.5328,0.0179,0.8374,0.0947,0.1467,0.1502,1
11.48,-1.1772,1.2191,0.8463,0.5321,0.0151,0.8382,0.0955,0.148,0.1306,1
11.5,-1.0468,1.0427,0.3599,0.5355,0.0127,0.8431,0.0964,0.1478,0.1523,1
11.52,-1.3391,1.8594,0.6174,0.5318,0.0097,0.8544,0.0955,0.1464,0.1632,1
11.54,-0.8554,1.8628,-0.2182,0.5328,0.0039,0.8396,0.0948,0.1447,0.1579,1
11.56,-0.8035,1.1897,-0.8646,0.5285,0.0056,0.8445,0.0953,0.1465,0.121,1
11.58,-1.3282,1.1034,-0.9745,0.5295,0.0078,0.8451,0.0934,0.1463,0.1522,1
11.6,-0.8019,0.9639,-1.0158,0.534,0.0061,0.836,0.0931,0.147,0.1353,1
11.62,-0.4065,0.528,-0.8616,0.5338,0.0066,0.8393,0.0932,0.1457,0.1505,1
11.64,-0.1177,1.0168,-0.9521,0.5365,-0.0012,0.8381,0.0936,0.1456,0.1522,1
11.66,0.1138,1.18,-1.0334,0.5339,0.0049,0.8393,0.0947,0.1462,0.1352,1
11.68,-0.6845,0.3082,0.2597,0.5282,0.0239,0.8493,0.094,0.1463,0.1521,1
11.7,-0.8617,0.0214,1.323,0.5273,0.0286,0.8494,0.0936,0.1464,0.1551,1
11.72,-1.1798,-0.2644,1.5124,0.5238,0.0231,0.8526,0.0923,0.1454,0.1419,1
11.74,-0.967,0.1483,1.8763,0.5263,0.0116,0.8538,0.0932,0.145,0.1539,1
11.76,0.2372,1.4939,2.5977,0.5305,0.0076,0.8409,0.0915,0.1461,0.1572,1
11.78,0.9881,1.6087,2.8151,0.5274,0.0085,0.8403,0.0937,0.1458,0.1628,1
11.8,0.9285,0.855,2.4544,0.5253,0.0081,0.8504,0.0932,0.1446,0.1645,1
11.82,0.7622,0.4665,2.3209,0.526,0.0093,0.8526,0.0921,0.1431,0.1604,1
11.84,0.2635,-0.6125,2.848,0.5267,0.0109,0.8502,0.0913,0.1422,0.1555,1
11.86,0.0995,-1.2128,2.7074,0.5239,0.0124,0.8528,0.092,0.1421,0.1582,1
11.88,0.155,-1.0576,2.2484,0.527,0.0147,0.8522,0.0935,0.1413,0.1589,1
11.9,0.0555,-0.8374,1.9716,0.5299,0.0047,0.8486,0.0934,0.1406,0.1578,1
11.92,0.379,-0.4817,1.8355,0.529,-0.0015,0.8508,0.0932,0.1407,0.1627,1
11.94,0.6678,0.3815,1.9268,0.5328,0.0047,0.8448,0.093,0.1405,0.154,1
11.96,0.7908,0.7968,1.866,0.5336,0.0045,0.8353,0.0931,0.1402,0.1476,1
11.98,0.519,0.2264,1.4284,0.5292,0.0038,0.8443,0.0931,0.1407,0.159,1
12.0,-0.5574,0.1962,0.855,0.5321,0.0096,0.8523,0.092,0.1415,0.1629,1
12.02,-1.0829,0.033,0.3062,0.5368,0.0108,0.8463,0.0919,0.141,0.1622,1
12.04,-1.2689,-0.5862,-0.5619,0.531,0.0024,0.8481,0.0912,0.1407,0.1599,1
12.06,-1.6598,-0.3914,-0.9228,0.5296,0.001,0.8507,0.089,0.1415,0.15,1
12.08,-1.5242,-0.1109,-0.6405,0.5326,0.002,0.8381,0.0878,0.1414,0.1362,1
12.1,-1.2213,-0.6739,-0.3208,0.5304,-0.0013,0.8366,0.0881,0.1411,0.145,1
12.12,-0.9152,-1.6427,0.2888,0.5299,-0.0046,0.8423,0.0885,0.1401,0.1576,1
12.14,-0.3702,-1.0132,0.9658,0.538,0.0025,0.8327,0.0866,0.1408,0.1345,1
12.16,-0.0411,-1.2184,0.6013,0.5395,0.0052,0.8382,0.0867,0.1416,0.1391,1
12.18,-0.1851,-0.7387,0.2073,0.5326,0.0018,0.8503,0.0854,0.141,0.1392,1
12.2,-0.4084,0.2807,0.2669,0.5342,0.0119,0.8487,0.0857,0.1407,0.135,1
12.22,-0.1724,0.3971,1.0204,0.535,0.0105,0.8351,0.0823,0.1399,0.1337,1
12.24,-0.023,0.3317,0.7918,0.5285,0.0031,0.8421,0.0822,0.1425,0.1558,1
12.26,-0.3088,-0.1625,0.8222,0.5275,0.0061,0.8448,0.0828,0.1417,0.1555,1
12.28,-0.8245,-0.4651,-0.3289,0.532,-0.0042,0.83,0.085,0.1413,0.1286,1
12.3,-1.0926,-2.0604,-0.7893,0.5255,0.0054,0.842,0.0835,0.1419,0.14,1
12.32,-0.8618,-2.6293,-0.5435,0.5271,0.0007,0.8503,0.0861,0.1402,0.1261,1
12.34,-0.696,-0.9788,0.4004,0.5377,0.0096,0.8492,0.0871,0.1406,0.135,1
12.36,-0.3343,1.5825,1.8072,0.5286,0.0124,0.8491,0.0892,0.1397,0.1521,1
12.38,0.2185,1.3932,2.144,0.5278,0.015,0.8543,0.0915,0.1412,0.15,1
12.4,0.395,0.6022,1.9561,0.5298,0.0026,0.8408,0.0896,0.1411,0.133,1
12.42,0.1729,-0.1568,1.4934,0.5345,-0.0009,0.832,0.0916,0.1409,0.1472,1
12.44,-1.0569,0.8366,0.0699,0.5312,0.0011,0.8431,0.0894,0.1407,0.1423,1
12.46,-1.1587,2.6108,-0.2952,0.5349,0.0009,0.844,0.0872,0.1422,0.1413,1
12.48,-0.5075,2.468,-0.2461,0.5381,-0.002,0.8428,0.0881,0.1411,0.1552,1
12.5,-0.4947,0.1274,-0.2933,0.5294,0.001,0.853,0.0893,0.141,0.1676,1
12.52,-0.4895,-0.1511,-0.0226,0.5317,0.0043,0.844,0.0917,0.1404,0.1458,1
12.54,-0.451,0.3108,-0.209,0.5313,0.0031,0.8391,0.0907,0.1401,0.1528,1
12.56,-0.188,-0.1809,-0.9112,0.5297,0.004,0.849,0.0915,0.1409,0.1333,1
12.58,0.4919,-1.1269,0.0035,0.5286,0.0053,0.8487,0.0926,0.14,0.1402,1
12.6,0.813,-1.2621,0.9003,0.5295,0.0065,0.8492,0.0911,0.1402,0.1335,1
12.62,1.229,-0.2185,1.2842,0.5293,0.0054,0.8542,0.0899,0.1414,0.1515,1
12.64,1.1347,1.1571,1.9516,0.5285,0.008,0.8507,0.0912,0.142,0.1631,1
12.66,0.8433,1.396,2.0571,0.5203,0.012,0.8498,0.0923,0.1428,0.153,1
12.68,0.385,0.4411,2.0994,0.5204,0.0095,0.8489,0.0919,0.1421,0.154,1
12.7,-0.2837,-0.1815,2.2269,0.5318,0.0016,0.8355,0.0922,0.1411,0.148,1
12.72,-1.0446,-0.6872,1.4096,0.5339,-0.0011,0.8384,0.0924,0.1423,0.1434,1
12.74,-1.6593,-0.6068,0.7401,0.5351,0.0034,0.854,0.0919,0.1429,0.1538,1
12.76,-1.3225,0.7991,1.2279,0.5423,0.0025,0.8462,0.0935,0.1415,0.1542,1
12.78,-0.4844,1.5875,1.4982,0.5407,-0.0036,0.8374,0.0947,0.1407,0.152,1
12.8,-0.1089,1.2422,1.0819,0.5372,-0.0037,0.8399,0.0936,0.1409,0.1571,1
12.82,-0.1679,0.3396,0.8496,0.5399,-0.0008,0.835,0.093,0.1409,0.1543,1
12.84,-0.2556,0.2341,0.4424,0.5391,-0.0013,0.8356,0.0934,0.1415,0.1395,1
12.86,-0.7945,-0.3019,0.1045,0.5298,0.0037,0.8466,0.0929,0.1422,0.1501,1
12.88,-1.0695,-0.1125,1.0993,0.5293,0.0091,0.8567,0.0928,0.1412,0.1468,1
12.9,-0.8476,-0.1759,1.6393,0.5309,0.0045,0.8526,0.0923,0.1409,0.1721,1
12.92,-0.6375,-0.6655,1.5739,0.5285,-0.0018,0.8504,0.0927,0.1409,0.146,1
12.94,-0.6633,-0.9,1.2118,0.5326,0.0015,0.8401,0.0919,0.1404,0.1633,1
12.96,-1.0638,0.7862,-0.4349,0.5356,-0.0109,0.8302,0.093,0.14,0.1402,1
12.98,-0.8612,0.8183,-1.0829,0.5245,-0.0089,0.8442,0.0928,0.1402,0.1631,1
13.0,-0.5505,1.7597,-1.1133,0.5306,-0.0033,0.8554,0.0928,0.1408,0.127,1
13.02,0.1157,1.9884,-0.5565,0.531,-0.0029,0.8534,0.092,0.141,0.144,1
13.04,0.4191,-0.2284,-0.7308,0.5278,0.0004,0.8599,0.0939,0.1399,0.1549,1
13.06,0.3446,-0.8936,-0.6932,0.5298,-0.003,0.8532,0.0929,0.1405,0.1369,1
13.08,-0.0764,-0.2879,-0.5395,0.5336,-0.004,0.8358,0.093,0.1408,0.1603,1
13.1,-0.5608,-0.2619,-1.8641,0.5267,-0.0042,0.845,0.0926,0.1411,0.1606,1
13.12,-0.9748,0.0249,-1.9621,0.5244,0.0016,0.8483,0.0929,0.1413,0.1496,1
13.14,-0.5427,0.2635,-0.982,0.5275,0.0036,0.8485,0.0924,0.1414,0.1626,1
13.16,0.1603,0.3776,-0.4171,0.526,0.0027,0.8481,0.0926,0.1413,0.1701,1
13.18,0.5048,0.4481,-0.0429,0.5279,0.0037,0.853,0.0907,0.1404,0.1615,1
13.2,0.3374,0.1319,-0.0067,0.5326,0.0055,0.8468,0.0925,0.141,0.153,1
13.22,0.1029,-0.0543,-0.1656,0.5339,0.0022,0.8401,0.0933,0.1423,0.137,1
13.24,-0.4369,0.2345,-0.8002,0.5298,0.004,0.8445,0.0921,0.1426,0.1419,1
13.26,-0.4961,1.0533,-1.047,0.5263,0.0105,0.8513,0.092,0.1428,0.1441,1
13.28,-0.4243,1.2728,-0.4738,0.5285,0.0126,0.8466,0.0927,0.1417,0.1436,1
13.3,-0.3151,0.5381,0.4458,0.5353,0.0144,0.8387,0.0932,0.1399,0.1593,1
13.32,-0.0369,-0.4777,1.0277,0.5334,0.0077,0.8469,0.0938,0.1399,0.1609,1
13.34,0.0444,-0.6346,1.2505,0.5261,-0.0004,0.8582,0.0936,0.1409,0.152,1
13.36,0.2349,0.4995,1.5171,0.525,0.0061,0.8538,0.0927,0.1411,0.1577,1
13.38,0.5328,1.1598,1.5318,0.5212,0.0082,0.8497,0.0927,0.1404,0.1642,1
13.4,0.2205,0.6589,1.1385,0.5194,0.0037,0.8486,0.0934,0.1403,0.1698,1
13.42,-0.6687,0.4278,0.7017,0.5277,0.0011,0.8387,0.0931,0.141,0.1586,1
13.44,-1.0645,0.2318,0.4591,0.5291,0.0022,0.835,0.0933,0.1409,0.1497,1
13.46,-1.0642,-0.3905,-0.1399,0.5212,-0.007,0.8419,0.0938,0.1409,0.1489,1
13.48,-0.313,-1.3239,-0.8626,0.5275,-0.0092,0.8651,0.095,0.1421,0.1668,1
13.5,0.4313,-0.8303,-0.2922,0.5325,-0.0034,0.8612,0.094,0.1413,0.1327,1
13.52,0.9964,-0.2449,0.632,0.5328,-0.0001,0.8412,0.0941,0.1417,0.1486,1
13.54,0.909,-0.6068,1.4267,0.527,0.011,0.8404,0.0938,0.1413,0.1447,1
13.56,0.2081,-0.621,2.6488,0.5463,0.0019,0.8283,0.0952,0.1395,0.1483,1
13.58,-0.2224,-1.3388,2.4012,0.5461,-0.007,0.8228,0.0938,0.1407,0.1387,1
13.6,-1.3798,-1.7985,1.1238,0.5329,-0.0059,0.8396,0.0936,0.1414,0.1521,1
13.62,-1.4153,-1.0636,-0.6388,0.522,-0.0099,0.8532,0.0936,0.1407,0.1491,1
13.64,-0.1744,0.9379,-0.4773,0.5329,0.0004,0.8488,0.0952,0.1427,0.1425,1
13.66,-0.329,2.0939,0.6618,0.5435,0.0097,0.8265,0.0926,0.1434,0.1359,1
13.68,-1.8431,0.5793,0.6464,0.5442,0.0074,0.8161,0.0933,0.1429,0.1495,1
13.7,-2.7176,-1.2405,-1.2638,0.5359,-0.0076,0.8339,0.0927,0.1445,0.1367,1
13.72,-2.3462,-1.4433,-1.5917,0.5339,-0.0036,0.8484,0.0933,0.1446,0.1464,1
13.74,-1.3786,-0.854,-0.4536,0.5366,0.0019,0.8521,0.0933,0.1438,0.1535,1
13.76,-0.7439,-0.3255,0.7641,0.5379,0.0059,0.8523,0.0933,0.1442,0.1422,1
13.78,0.1571,-0.3417,1.8449,0.5348,0.0078,0.8515,0.0937,0.1446,0.1465,1
13.8,0.3771,-0.4087,2.1292,0.5305,0.0054,0.8506,0.0932,0.1453,0.1629,1
13.82,-0.3975,0.2366,1.6424,0.5265,-0.0017,0.8499,0.0927,0.1465,0.1599,1
13.84,-0.7721,1.3223,0.7509,0.5238,-0.0083,0.8456,0.0922,0.1462,0.1444,1
13.86,-0.7041,1.505,-0.3307,0.522,-0.0069,0.8454,0.0915,0.146,0.1461,1
13.88,-0.722,0.6975,-0.7189,0.5235,-0.0049,0.8492,0.0923,0.1469,0.1697,1
13.9,-0.5103,0.5039,-0.3523,0.5294,-0.0088,0.8434,0.0929,0.1466,0.1778,1
13.92,-0.5219,0.3802,-0.2844,0.5272,-0.0097,0.8453,0.0928,0.1463,0.1495,1
13.94,-0.855,-0.4956,-0.8575,0.5261,-0.0074,0.8522,0.0921,0.1453,0.1513,1
13.96,-0.7663,-0.5447,-1.0343,0.5271,-0.0046,0.8576,0.0916,0.1464,0.1432,1
13.98,-0.6787,-0.5383,-1.0959,0.5319,-0.0159,0.8551,0.0926,0.147,0.1633,1
14.0,-0.3947,0.056,-0.9119,0.5311,-0.0126,0.8536,0.0939,0.146,0.1757,1
14.02,0.1298,-0.5085,0.623,0.5263,-0.0007,0.8477,0.0937,0.1474,0.1546,1
14.04,0.2175,-0.8701,0.8162,0.5305,-0.0027,0.8404,0.0927,0.1461,0.127,1
14.06,0.3393,-0.4756,1.0907,0.5374,-0.0089,0.8402,0.0931,0.1468,0.1438,1
14.08,0.176,-0.4337,-0.2889,0.5365,-0.0024,0.8476,0.0918,0.1474,0.1528,1
14.1,0.2219,0.151,-0.3604,0.5322,0.0016,0.8468,0.0935,0.1469,0.1457,1
14.12,0.2781,0.5977,-0.4818,0.5363,0.0024,0.8419,0.0934,0.1469,0.1491,1
14.14,0.0396,0.0202,-0.6147,0.5385,0.0049,0.8435,0.0913,0.1458,0.1601,1
14.16,-0.1352,-0.5304,0.003,0.5347,0.0074,0.8448,0.0904,0.1461,0.1641,1
14.18,-0.1029,-0.3195,0.8605,0.5345,0.0028,0.8401,0.0923,0.1463,0.1615,1
14.2,-0.0566,-0.1576,0.9314,0.5391,-0.0019,0.8363,0.0923,0.1458,0.1608,1
14.22,-0.182,-0.2066,0.5314,0.537,-0.003,0.8402,0.0918,0.1462,0.157,1
14.24,-0.1264,-0.0131,0.2723,0.532,-0.0043,0.846,0.0917,0.1465,0.1512,1
14.26,0.0913,0.6816,0.3083,0.5323,-0.0078,0.8422,0.0915,0.146,0.1456,1
14.28,0.3389,1.2582,0.2198,0.5363,-0.0126,0.8384,0.093,0.1459,0.1537,1
14.3,0.3275,0.9225,-0.033,0.5324,-0.0105,0.8415,0.0926,0.1464,0.1598,1
14.32,0.2259,0.4433,-0.0622,0.5252,-0.0015,0.8456,0.0906,0.1464,0.1578,1
14.34,0.4795,0.7986,-0.0463,0.5287,-0.0013,0.8479,0.0928,0.1456,0.1695,1
14.36,0.3252,1.1369,-0.2422,0.5318,-0.0095,0.8429,0.092,0.146,0.1639,1
14.38,-0.019,1.2005,-0.5393,0.5336,-0.0078,0.8444,0.0921,0.1463,0.1575,1
14.4,-0.2343,0.7901,-0.5684,0.5254,0.0014,0.8445,0.0919,0.1467,0.1536,1
14.42,0.1594,0.4093,-0.3822,0.5275,0.0029,0.8471,0.0927,0.1474,0.1505,1
14.44,0.4633,0.3029,-0.5995,0.5346,-0.0055,0.8484,0.0932,0.1469,0.1631,1
14.46,0.01,0.8645,-0.5487,0.53,0.0023,0.8469,0.0947,0.1452,0.1699,1
14.48,0.4048,0.4577,-0.7283,0.526,0.0103,0.8518,0.093,0.1459,0.1534,1
14.5,0.5574,1.1611,-0.5752,0.5285,0.0034,0.8487,0.0954,0.1469,0.1599,1
14.52,0.7306,0.5591,-0.3201,0.5264,0.0013,0.8434,0.0953,0.1468,0.1816,1
14.54,0.5717,0.0278,-0.1477,0.5268,0.0058,0.8524,0.0937,0.1472,0.168,1
14.56,0.5663,0.5831,-0.1684,0.5253,0.0021,0.8546,0.0926,0.1456,0.1575,1
14.58,0.4246,1.5974,-0.002,0.5222,0.0092,0.8502,0.0934,0.1448,0.1678,1
14.6,0.3355,1.6331,-0.0556,0.5272,0.014,0.8446,0.0928,0.1447,0.1649,1
14.62,-0.5649,0.2963,-0.3815,0.5291,0.0001,0.8417,0.0912,0.144,0.1692,1
14.64,-0.679,-0.5756,-0.5714,0.5301,-0.0047,0.842,0.0925,0.1435,0.1648,1
14.66,-0.2036,-0.6271,-0.5195,0.5299,0.0026,0.8432,0.0927,0.1437,0.1525,1
14.68,-0.0512,-0.7153,-0.4551,0.5285,0.0107,0.8433,0.0915,0.1444,0.1572,1
14.7,0.2102,-1.0017,-0.1233,0.5271,0.009,0.8449,0.0922,0.1446,0.1737,1
14.72,0.3484,-1.2763,0.0788,0.5293,0.0005,0.8493,0.0929,0.1447,0.1694,1
14.74,-0.041,-1.3554,-0.1521,0.5337,-0.0,0.8497,0.0922,0.145,0.157,1
14.76,-0.3439,-0.6581,0.0561,0.532,0.0054,0.8452,0.0916,0.144,0.1609,1
14.78,-0.8188,0.508,0.2486,0.5292,0.0075,0.845,0.0915,0.1438,0.147,1
14.8,-0.5965,0.2418,0.601,0.5277,0.0041,0.8414,0.0927,0.1455,0.1609,1
14.82,-0.62,-0.2802,0.5634,0.5275,0.0064,0.8414,0.0918,0.1453,0.1575,1
14.84,-0.6542,-0.2619,0.4546,0.5276,0.0077,0.848,0.0893,0.1468,0.1672,1
14.86,-0.398,-0.0997,0.3713,0.5302,-0.0057,0.8484,0.0912,0.1476,0.1504,1
14.88,-0.7064,0.2193,0.1039,0.527,0.0003,0.8439,0.0916,0.145,0.1661,1
14.9,-0.5638,-0.0513,0.1337,0.5284,-0.0004,0.8479,0.0926,0.1439,0.1619,1
14.92,-0.0862,0.1088,0.2115,0.5334,0.0056,0.8525,0.091,0.1469,0.1504,1
14.94,-0.1709,0.3564,0.1233,0.5307,0.0059,0.8477,0.0908,0.1461,0.1525,1
14.96,-0.1832,-0.1444,0.3639,0.531,-0.002,0.8481,0.0921,0.146,0.1579,1
14.98,-0.3184,-0.5536,0.5512,0.5298,-0.0015,0.8477,0.089,0.1461,0.1556,1
15.0,-0.4688,-0.1343,0.4083,0.5319,0.0038,0.846,0.0896,0.146,0.1451,1
15.02,-0.2482,0.3803,0.3241,0.532,0.0032,0.8453,0.0891,0.1445,0.1432,1
15.04,0.0163,0.3812,0.3675,0.5281,0.0029,0.8456,0.0885,0.1442,0.1529,1
15.06,0.0332,0.062,0.3008,0.5258,0.0053,0.8453,0.0894,0.1447,0.1503,1
15.08,0.0264,-0.5887,0.4187,0.5287,0.0022,0.8487,0.0884,0.1456,0.1472,1
15.1,-0.0203,-0.821,0.6525,0.5314,-0.0008,0.8524,0.0858,0.1457,0.158,1
15.12,-0.3908,-0.327,0.6386,0.5319,0.0035,0.8488,0.0854,0.1443,0.1624,1
15.14,-0.7847,-0.5987,0.3735,0.535,0.005,0.845,0.0861,0.1444,0.1512,1
15.16,-0.6075,-1.3696,-0.3313,0.5351,0.0028,0.8453,0.0853,0.1454,0.1364,1
15.18,-0.0586,-0.956,-0.5406,0.5342,0.0009,0.8428,0.0847,0.144,0.1399,1
15.2,0.0866,0.2065,-0.3767,0.5325,0.0019,0.8406,0.0846,0.1435,0.1405,1
15.22,0.0077,0.1321,-0.3415,0.534,0.0019,0.8418,0.086,0.1448,0.1521,1
15.24,-0.002,-0.1157,-0.1789,0.5262,0.0123,0.8484,0.0864,0.1448,0.1502,1
15.26,-1.113,-0.3716,0.8741,0.5365,0.0102,0.8432,0.0831,0.1432,0.1435,1
15.28,-1.6367,-1.1512,0.5168,0.5377,0.0139,0.8385,0.0846,0.1446,0.1433,1
15.3,-1.5661,-1.2632,0.3259,0.5351,0.0059,0.8447,0.085,0.1454,0.1376,1
15.32,-0.5604,-0.6967,0.4121,0.5331,-0.0026,0.8432,0.0842,0.1438,0.1353,1
15.34,0.1113,-0.2594,0.4469,0.536,-0.0033,0.8405,0.0842,0.1439,0.1444,1
15.36,0.4526,0.0889,0.5715,0.5366,0.004,0.8406,0.0859,0.1441,0.1467,1
15.38,0.4759,1.0151,0.4775,0.5316,0.0041,0.8418,0.0864,0.1451,0.1545,1
15.4,0.2581,0.7536,0.1974,0.528,0.0074,0.8402,0.0873,0.1446,0.1629,1
15.42,0.1175,-0.1274,0.1331,0.5289,0.0047,0.8421,0.0878,0.1442,0.1481,1
15.44,-0.0751,-0.591,0.3006,0.5332,0.0028,0.848,0.0875,0.1447,0.1344,1
15.46,-0.3257,-0.3084,0.472,0.5343,0.0063,0.8476,0.0876,0.1447,0.1434,1
15.48,-0.4173,0.3397,0.2829,0.5335,0.0057,0.8438,0.0891,0.1452,0.161,1
15.5,-0.3067,0.595,-0.011,0.5356,0.005,0.8443,0.0908,0.1465,0.1695,1
15.52,-0.1295,0.9177,0.4165,0.5321,0.0027,0.8416,0.0904,0.1468,0.1584,1
15.54,-0.5677,0.8728,0.3515,0.5302,0.0007,0.8436,0.0905,0.1464,0.1626,1
15.56,-0.4809,0.6367,-0.258,0.529,0.001,0.8427,0.0894,0.1469,0.1632,1
15.58,-0.6013,0.3723,-0.5798,0.5289,-0.0011,0.8455,0.0926,0.1446,0.156,1
15.6,-0.5329,-0.1418,-0.3558,0.5307,-0.002,0.844,0.0915,0.1461,0.1454,1
15.62,0.3004,-0.1304,0.3019,0.5317,-0.005,0.8465,0.0915,0.1442,0.1519,1
15.64,0.6325,-0.0005,0.4082,0.5328,-0.001,0.8452,0.0913,0.1457,0.1632,1
15.66,0.0549,0.38,0.3968,0.5308,0.0057,0.8418,0.0898,0.1459,0.1421,1
15.68,0.0046,-0.0562,0.4438,0.5311,-0.0003,0.8376,0.0926,0.1457,0.1587,1
15.7,0.1166,-0.5053,-0.3194,0.5275,0.0029,0.8438,0.0938,0.1467,0.1522,1
15.72,0.0939,-0.2928,-0.3583,0.5313,0.0081,0.8443,0.0937,0.1464,0.1627,1
15.74,0.386,0.8277,-0.0574,0.535,0.0079,0.8458,0.0937,0.1463,0.1647,1
15.76,-0.1389,1.8411,0.0559,0.532,0.0049,0.8456,0.0926,0.1465,0.1612,1
15.78,-0.74,1.5987,-0.0458,0.5288,0.0028,0.8441,0.0914,0.1463,0.1608,1
15.8,-0.6017,0.3065,-0.117,0.5339,0.0001,0.8413,0.0926,0.1461,0.1577,1
15.82,-0.4603,-0.6193,-0.0608,0.5388,-0.0027,0.8367,0.0929,0.1463,0.1502,1
15.84,-0.3748,0.0407,0.1475,0.5356,0.0036,0.8366,0.0903,0.1466,0.1453,1
15.86,0.3352,1.21,0.9985,0.5353,0.016,0.8417,0.0901,0.1457,0.1526,1
15.88,1.0433,0.5104,2.2813,0.5355,0.0105,0.8489,0.0909,0.1446,0.1632,1
15.9,0.8225,0.4033,1.8865,0.5295,0.0011,0.8559,0.0919,0.1449,0.1478,1
15.92,0.4064,0.8681,0.7666,0.5247,-0.0082,0.8587,0.0926,0.1441,0.1458,1
15.94,-0.2907,1.4562,-1.0667,0.5199,-0.0064,0.8545,0.0917,0.1449,0.1236,1
15.96,-0.6027,1.3241,-1.5226,0.5212,-0.0049,0.8494,0.0918,0.1437,0.1375,1
15.98,-0.4234,1.4391,-1.202,0.5276,-0.004,0.8396,0.0933,0.1453,0.1604,1
16.0,-0.5931,-0.4596,-0.7687,0.5301,0.0052,0.8381,0.0925,0.1459,0.1437,1
16.02,-0.3567,-1.0748,-0.3102,0.533,0.0097,0.8431,0.0912,0.1464,0.1428,1
16.04,-0.3084,-1.6254,0.2852,0.5321,0.0048,0.8452,0.0914,0.147,0.1526,1
16.06,0.0392,-1.2159,-0.0875,0.5403,0.0019,0.849,0.0912,0.1446,0.1488,1
16.08,-0.2387,0.1113,-0.3572,0.5367,0.0028,0.8507,0.0904,0.1451,0.1433,1
16.1,-0.3738,1.08,-0.4436,0.5324,0.003,0.8474,0.0911,0.1461,0.1511,1
16.12,-0.3761,1.4506,-0.4884,0.532,-0.0022,0.844,0.0912,0.1454,0.1562,1
16.14,-0.5471,1.1131,-0.5812,0.53,-0.0062,0.8435,0.0908,0.1453,0.1572,1
16.16,-0.6017,0.4865,-0.6424,0.5297,-0.0028,0.8422,0.0917,0.1459,0.1558,1
16.18,-0.6002,0.3279,-0.4912,0.5314,0.0032,0.8412,0.0923,0.1455,0.1489,1
16.2,-0.5001,-0.148,-0.4988,0.5329,0.0075,0.8441,0.091,0.1456,0.1539,1
16.22,-0.0803,-0.6371,-0.4379,0.5344,0.0064,0.8446,0.0889,0.146,0.1534,1
16.24,0.2986,-0.0713,-0.2724,0.5284,0.0074,0.8516,0.0913,0.1456,0.1563,1
16.26,0.5384,0.477,-0.3261,0.5291,0.0019,0.8497,0.0909,0.147,0.1486,1
16.28,0.5844,0.9927,0.3111,0.5288,-0.0022,0.8491,0.0898,0.1463,0.156,1
16.3,0.1441,0.9484,0.2844,0.5269,0.0067,0.846,0.0915,0.146,0.1672,1
16.32,-0.6326,0.7775,0.1321,0.5236,0.0027,0.8497,0.0922,0.146,0.1443,1
16.34,-0.4216,0.2801,0.2873,0.5273,0.0016,0.8497,0.0914,0.1468,0.1461,1
16.36,0.0551,0.4943,0.3975,0.5281,-0.0008,0.8482,0.0915,0.1456,0.1281,1
16.38,0.2669,-0.1793,0.2416,0.5282,-0.0009,0.8493,0.0915,0.1463,0.1482,1
16.4,0.0053,-0.6937,0.2249,0.528,0.0012,0.8491,0.0918,0.1462,0.1532,1
16.42,-0.1375,-0.2742,0.36,0.5266,0.004,0.8505,0.091,0.1468,0.1471,1
16.44,-0.2149,-0.0502,0.2554,0.5265,0.0053,0.8506,0.091,0.1473,0.1391,1
16.46,-0.2768,-0.175,0.3585,0.5275,0.0049,0.85,0.0914,0.1465,0.1379,1
16.48,-0.2445,0.1007,0.8357,0.529,0.0042,0.8483,0.0913,0.1461,0.1464,1
16.5,-0.1112,0.4369,0.9014,0.5296,0.0046,0.8445,0.0915,0.1469,0.1573,1
16.52,0.1608,0.3089,0.5236,0.5267,0.0053,0.8466,0.0908,0.1466,0.1669,1
16.54,-0.0889,0.1139,0.3037,0.5281,0.0024,0.8499,0.0908,0.146,0.1518,1
16.56,-0.6853,-0.0135,0.0642,0.5274,0.0021,0.8494,0.0923,0.1467,0.1499,1
16.58,-0.8891,0.2949,0.0608,0.5296,0.0022,0.8493,0.0916,0.1473,0.1694,1
16.6,-1.3982,0.7046,-0.1556,0.5291,0.0048,0.8489,0.0895,0.1466,0.1478,1
16.62,-1.0421,0.2071,-0.1518,0.5323,0.0052,0.8447,0.0901,0.1453,0.1678,1
16.64,-0.8908,0.3223,0.0795,0.53,-0.002,0.8452,0.0925,0.1463,0.1663,1
16.66,-0.9505,0.7555,-0.1449,0.5296,0.0058,0.8496,0.0917,0.1449,0.1678,1
16.68,-1.4026,0.4181,-0.0672,0.5259,0.0107,0.8508,0.092,0.1451,0.144,1
16.7,-1.3681,0.7749,0.0353,0.5255,0.0019,0.8519,0.0915,0.1451,0.1648,1
16.72,-0.9313,0.4762,-0.1547,0.5225,0.0016,0.8526,0.091,0.1444,0.1715,1
16.74,-0.4345,0.3929,-0.1582,0.5264,0.0004,0.8416,0.0917,0.1441,0.1701,1
16.76,0.1563,-0.4218,0.1205,0.5306,0.0022,0.8452,0.0916,0.1442,0.1718,1
16.78,0.4848,-1.2914,0.3363,0.5316,0.0038,0.8524,0.0918,0.144,0.1635,1
16.8,0.5372,-0.8177,0.3325,0.5365,0.0007,0.8447,0.0929,0.1436,0.1567,1
16.82,0.6509,-0.2796,0.2324,0.5362,0.0022,0.8445,0.0929,0.1438,0.1634,1
16.84,0.6084,-0.1091,0.1117,0.5226,0.0037,0.8511,0.0932,0.1439,0.1667,1
16.86,0.8871,0.4244,-0.1069,0.5192,0.0063,0.8599,0.0931,0.1452,0.1699,1
16.88,0.5232,0.6272,0.0098,0.5256,0.0043,0.8569,0.0922,0.1446,0.1432,1
16.9,0.6063,0.2117,0.1793,0.5212,0.0055,0.8518,0.0928,0.1433,0.1393,1
16.92,0.4626,-0.6217,0.5362,0.5229,0.0048,0.8478,0.0946,0.1442,0.1479,1
16.94,-0.5483,0.2344,0.3401,0.5247,0.0066,0.8492,0.0925,0.1462,0.1674,1
16.96,-1.0509,1.2081,0.2917,0.5216,0.0028,0.8428,0.0922,0.1458,0.174,1
16.98,-0.7859,1.0672,-0.3586,0.5248,0.0048,0.8416,0.0912,0.1455,0.1475,1
17.0,-0.2427,0.2268,-0.3037,0.5226,0.0008,0.8547,0.0936,0.1445,0.1456,1
17.02,0.0908,0.0134,-0.175,0.5216,-0.003,0.8611,0.0928,0.1447,0.1641,1
17.04,0.3946,0.3409,0.2142,0.5266,-0.0007,0.8559,0.0924,0.1446,0.1633,1
17.06,0.5716,0.3756,0.1747,0.5296,0.0029,0.852,0.0917,0.1447,0.1574,1
17.08,0.3711,0.0525,0.013,0.5298,0.009,0.8451,0.0916,0.1452,0.1486,1
17.1,-0.1506,-0.567,0.2029,0.5305,0.0115,0.8389,0.0929,0.1453,0.1459,1
17.12,-0.5814,-1.0267,0.3536,0.5311,0.0054,0.8435,0.0933,0.1447,0.1581,1
17.14,-0.5754,-0.6684,0.4226,0.5309,0.0033,0.8467,0.0936,0.1444,0.1559,1
17.16,-0.288,-0.2648,0.4185,0.5282,0.0051,0.847,0.0938,0.1449,0.1511,1
17.18,0.0843,0.9391,0.3008,0.5256,0.0045,0.8552,0.0925,0.1452,0.1599,1
17.2,0.3873,1.0495,0.4358,0.5239,0.0069,0.8588,0.0923,0.1439,0.1626,1
17.22,0.1141,0.8342,0.1732,0.5179,0.0084,0.862,0.0929,0.1433,0.1535,1
17.24,-0.3554,0.2554,0.3151,0.5247,0.0086,0.8485,0.0919,0.1438,0.1689,1
17.26,-0.9666,0.2486,0.2926,0.5236,0.0075,0.8439,0.0941,0.1437,0.1532,1
17.28,-1.0228,0.0291,0.329,0.5223,0.0012,0.8411,0.0938,0.1436,0.1553,1
17.3,-0.993,-0.5042,0.2929,0.525,0.0006,0.8454,0.0928,0.1448,0.1508,1
17.32,-0.5601,-0.1882,0.1487,0.5274,-0.0021,0.8502,0.0911,0.1446,0.1635,1
17.34,-0.1159,0.0828,0.1146,0.5255,-0.0027,0.8544,0.0914,0.1446,0.1724,1
17.36,-0.0848,0.3386,0.102,0.5222,-0.002,0.8579,0.0917,0.145,0.1629,1
17.38,0.0659,0.6118,-0.0601,0.5232,-0.0006,0.8563,0.092,0.1449,0.1523,1
17.4,0.3616,0.3978,0.0355,0.5273,0.0001,0.8485,0.0927,0.1447,0.1597,1
17.42,0.1476,-0.1097,0.3801,0.529,0.0008,0.8439,0.0932,0.1449,0.1638,1
17.44,-0.3396,-0.2432,0.3649,0.5273,0.0071,0.8478,0.0929,0.1445,0.146,1
17.46,-0.4257,-0.1855,0.2875,0.5265,0.0138,0.8488,0.0918,0.1435,0.1507,1
17.48,-0.3693,0.0068,-0.0223,0.5297,0.0065,0.8476,0.0932,0.1449,0.1663,1
17.5,-0.1368,0.3913,0.1971,0.5304,0.0085,0.8502,0.0916,0.1448,0.1612,1
17.52,0.2083,-0.0167,0.3316,0.5283,-0.0031,0.8565,0.0921,0.1467,0.1796,1
17.54,-0.1657,0.3746,0.1235,0.5259,-0.0005,0.8566,0.0939,0.1443,0.167,1
17.56,0.3478,0.3217,0.4761,0.5247,-0.0015,0.8487,0.0912,0.1423,0.1601,1
17.58,-0.109,0.2466,0.4494,0.5222,0.0037,0.8449,0.0918,0.1437,0.1509,1
17.6,-0.0324,0.3921,0.3616,0.526,0.0028,0.8447,0.0949,0.1445,0.1614,1
17.62,0.3236,0.1345,0.3872,0.5208,0.0,0.8526,0.0942,0.1428,0.1697,1
17.64,0.5095,-0.207,0.5483,0.5208,-0.0003,0.8582,0.0949,0.1443,0.1738,1
17.66,0.6196,-0.1998,0.2649,0.5243,0.0015,0.8551,0.0965,0.1432,0.158,1
17.68,0.8023,0.039,-0.0544,0.5266,0.0022,0.8498,0.096,0.1422,0.1512,1
17.7,0.8934,0.1253,-0.1417,0.5277,0.0041,0.8475,0.095,0.1438,0.1538,1
17.72,0.593,0.1196,-0.1608,0.5285,0.0077,0.8496,0.0947,0.1431,0.1462,1
17.74,0.087,0.2296,0.0901,0.5292,0.0074,0.8544,0.094,0.1417,0.1484,1
17.76,-0.0374,0.1448,0.1554,0.5258,0.0076,0.8507,0.095,0.1426,0.1494,1
17.78,-0.3124,0.2952,0.0563,0.526,0.0091,0.8475,0.0963,0.1427,0.1694,1
17.8,-0.5236,0.2674,-0.19,0.5265,0.0031,0.8524,0.0957,0.1428,0.143,1
17.82,-0.7638,0.472,0.0002,0.525,0.013,0.8531,0.0973,0.1454,0.1739,1
17.84,-0.1162,0.0301,-0.3817,0.5255,0.0082,0.8528,0.0954,0.143,0.1619,1
17.86,-0.1511,0.2588,0.1177,0.5295,0.0034,0.8458,0.0957,0.1429,0.1465,1
17.88,-0.1818,0.0576,0.2799,0.5263,0.0053,0.8456,0.0944,0.1424,0.1621,1
17.9,-0.1483,-0.482,-0.0364,0.5252,0.0023,0.8482,0.0958,0.1427,0.1669,1
17.92,-0.0834,-0.6452,-0.1458,0.5259,0.0059,0.8527,0.0955,0.1432,0.18,1
17.94,0.0155,-0.1846,0.0214,0.5265,0.0039,0.8506,0.095,0.143,0.1625,1
17.96,0.009,0.1627,0.1204,0.5263,0.0017,0.8445,0.0952,0.1427,0.1505,1
17.98,-0.1834,0.5323,-0.0754,0.5284,0.0013,0.844,0.0963,0.1428,0.1502,1
18.0,-0.3885,0.8327,-0.427,0.5294,0.0027,0.8479,0.0968,0.1425,0.1562,1
18.02,-0.4574,0.5256,-0.3849,0.5241,0.0075,0.8518,0.0958,0.1417,0.1704,1
18.04,-0.4452,0.1924,0.111,0.5207,0.0072,0.8568,0.0955,0.142,0.1639,1
18.06,-0.3966,-0.0256,-0.0209,0.5237,0.0072,0.855,0.0957,0.1426,0.1706,1
18.08,-0.6511,-0.2394,-0.0569,0.5236,0.0097,0.8532,0.0953,0.1421,0.1382,1
18.1,-0.2641,-0.7469,0.2688,0.5246,0.0111,0.8556,0.0949,0.1431,0.1603,1
18.12,0.3815,-0.8041,0.6261,0.526,0.0066,0.8493,0.0988,0.1407,0.1702,1
18.14,0.1286,-0.7826,0.8062,0.5285,0.004,0.8501,0.0949,0.1421,0.1513,1
18.16,0.0706,-0.4441,0.7572,0.5266,0.0065,0.8519,0.0961,0.1429,0.1501,1
18.18,-0.0936,-0.6376,0.076,0.525,0.0087,0.8435,0.0956,0.1426,0.1411,1
18.2,-0.079,-1.0751,-0.112,0.524,0.0012,0.8478,0.0954,0.1423,0.1526,1
18.22,0.0035,-0.7818,0.0436,0.5244,0.0034,0.8509,0.0939,0.1429,0.1745,1
18.24,0.3026,-0.6645,0.4002,0.5247,0.0059,0.8533,0.0929,0.143,0.1657,1
18.26,0.3312,-0.5497,0.3483,0.5252,0.0086,0.8552,0.0941,0.1421,0.1594,1
18.28,0.1746,-0.4874,0.2077,0.5257,0.0118,0.8537,0.094,0.1428,0.1562,1
18.3,0.1298,-0.8088,0.2904,0.5262,0.0091,0.8519,0.0929,0.1446,0.1501,1
18.32,-0.2131,-0.8859,0.2857,0.528,0.006,0.8516,0.0944,0.1445,0.1659,1
18.34,-0.8053,-0.619,0.6419,0.5289,0.0086,0.849,0.0943,0.1445,0.162,1
18.36,-1.262,-0.37,0.3297,0.5276,0.0097,0.8495,0.0926,0.1412,0.1588,1
18.38,-1.1146,-0.9601,0.3712,0.526,0.0099,0.8488,0.0894,0.1439,0.1523,1
18.4,-0.5781,-0.6413,0.4037,0.528,0.0023,0.8527,0.0901,0.1414,0.1763,1
18.42,-0.4205,0.2789,0.7056,0.5279,0.0003,0.849,0.0913,0.1432,0.1545,1
18.44,0.0277,0.6045,0.7536,0.5284,0.0048,0.8519,0.0915,0.1446,0.1528,1
18.46,0.1278,0.0079,0.7844,0.5279,0.004,0.8489,0.0918,0.1427,0.1458,1
18.48,-0.0777,-0.8532,1.0561,0.5264,-0.0013,0.847,0.0914,0.143,0.1519,1
18.5,-0.2653,-0.8276,0.9293,0.529,0.0084,0.8464,0.0907,0.1428,0.1496,1
18.52,-0.3278,-0.3175,0.7379,0.5304,0.0132,0.8478,0.0892,0.1435,0.1549,1
18.54,-0.3889,-0.071,0.6698,0.5296,0.0075,0.8458,0.0887,0.145,0.15,1
18.56,-0.3669,-0.3823,0.5395,0.5297,0.004,0.843,0.088,0.1452,0.1409,1
18.58,-0.4354,-0.9561,0.5024,0.5311,0.0054,0.845,0.0868,0.1445,0.1491,1
18.6,-0.6528,-1.0957,0.5682,0.5321,0.0045,0.8488,0.0864,0.1444,0.1555,1
18.62,-0.6152,-0.4477,0.3799,0.5321,0.0048,0.8497,0.0857,0.1444,0.1369,1
18.64,-0.7856,0.2252,0.4338,0.5322,0.0112,0.8484,0.0849,0.1445,0.1297,1
18.66,-1.0607,-0.1297,0.2433,0.5277,0.0072,0.8459,0.0838,0.1436,0.1687,1
18.68,-1.2935,-0.4872,0.0583,0.5288,0.0021,0.8453,0.0831,0.1435,0.1556,1
18.7,-0.7214,-0.8371,0.0521,0.5337,0.0028,0.8456,0.0818,0.1437,0.1404,1
18.72,0.0813,-0.2401,0.1547,0.5363,-0.0024,0.8469,0.0844,0.1432,0.1383,1
18.74,0.1097,-0.0976,0.6398,0.5351,-0.0083,0.8417,0.0831,0.1446,0.1448,1
18.76,0.2025,0.7518,0.3135,0.5321,-0.0049,0.8463,0.0811,0.1463,0.1391,1
18.78,0.1999,0.5333,0.0235,0.5354,-0.0004,0.8435,0.0814,0.1439,0.1463,1
18.8,0.3418,0.2437,-0.0711,0.5328,0.0024,0.8449,0.0838,0.1429,0.146,1
18.82,0.3103,-0.0637,-0.0001,0.5306,0.0066,0.8484,0.0847,0.1448,0.1326,1
18.84,0.0723,-0.3957,0.1223,0.53,0.0074,0.8474,0.0835,0.1466,0.1333,1
18.86,-0.2504,-0.39,0.1702,0.5287,0.0063,0.8494,0.0837,0.1466,0.1353,1
18.88,-0.4086,-0.2281,0.2709,0.5287,0.0074,0.8532,0.0858,0.1459,0.1398,1
18.9,-0.2525,-0.1281,0.5001,0.5296,0.0052,0.8487,0.0873,0.1464,0.1702,1
18.92,-0.3481,0.2879,0.4643,0.5305,0.0019,0.8491,0.0888,0.147,0.1622,1
18.94,-0.2772,0.3496,0.1878,0.5312,0.0037,0.849,0.0903,0.1464,0.1503,1
18.96,-0.1177,0.546,0.1002,0.5249,0.0005,0.849,0.0892,0.147,0.1535,1
18.98,0.0115,-0.1278,-0.0599,0.5226,0.0094,0.8447,0.0898,0.1463,0.1539,1
19.0,0.3358,-0.5,0.0219,0.5236,0.0017,0.8417,0.0912,0.1469,0.16,1
19.02,0.6444,-0.9742,0.1467,0.5306,-0.0016,0.846,0.0893,0.1465,0.1491,1
19.04,0.5818,-1.0781,0.5424,0.534,0.0046,0.8462,0.0907,0.1466,0.1486,1
19.06,0.6181,-0.4435,0.4813,0.5372,0.0083,0.8438,0.0917,0.1465,0.1449,1
19.08,0.4559,-0.2426,0.3999,0.5373,0.0084,0.8456,0.0909,0.1472,0.1464,1
19.1,0.2601,0.1478,0.1006,0.5288,0.005,0.8475,0.0906,0.1474,0.1401,1
19.12,-0.0792,0.4741,-0.182,0.5245,0.0018,0.8449,0.0914,0.1473,0.1494,1
19.14,-0.339,0.2295,-0.1659,0.5271,0.0023,0.8425,0.0915,0.1479,0.1537,1
19.16,-0.2318,-0.1934,-0.1146,0.5289,0.0032,0.8436,0.0911,0.1484,0.1334,1
19.18,-0.1838,-0.5024,-0.21,0.531,-0.0002,0.8452,0.0908,0.1475,0.1314,1
19.2,-0.3793,-0.6101,-0.2189,0.5332,-0.0022,0.8479,0.0896,0.1471,0.1538,1
19.22,-0.1137,0.3059,-0.2467,0.5323,0.0014,0.8489,0.0914,0.1477,0.1601,1
19.24,-0.3277,0.3775,-0.2921,0.5368,-0.001,0.8474,0.0907,0.1478,0.1577,1
19.26,-0.0154,0.5981,-0.4098,0.5344,0.0059,0.8446,0.0913,0.1481,0.1349,1
19.28,0.302,-0.1868,-0.3294,0.5351,0.0018,0.8465,0.0919,0.1489,0.1718,1
19.3,0.0645,-0.2507,0.3064,0.5303,0.0005,0.8482,0.0918,0.1486,0.1696,1
19.32,0.0378,-0.0369,0.5719,0.5313,0.005,0.8441,0.0928,0.147,0.1731,1
19.34,-0.0512,-0.3449,0.465,0.5337,0.0047,0.8449,0.093,0.148,0.1643,1
19.36,-0.3375,-0.1146,0.3175,0.5335,0.0052,0.8443,0.0931,0.1483,0.1467,1
19.38,-0.2721,0.2299,0.1904,0.531,0.0036,0.8451,0.0929,0.148,0.1352,1
19.4,0.0037,0.5546,0.0592,0.5294,0.0024,0.8466,0.0936,0.1486,0.1449,1
19.42,0.2364,0.5908,-0.0206,0.5302,0.0024,0.8456,0.0933,0.1486,0.1544,1
19.44,0.3544,0.1508,-0.0316,0.5313,0.0039,0.8457,0.0917,0.1484,0.1495,1
19.46,0.1461,-0.0701,-0.1574,0.5311,0.0073,0.8466,0.0917,0.1491,0.1437,1
19.48,-0.205,0.3392,-0.2374,0.5302,0.009,0.8437,0.0922,0.1476,0.1502,1
19.5,0.0199,0.368,0.4392,0.529,0.0097,0.8463,0.0921,0.1469,0.1769,1
19.52,-0.2077,0.2031,0.7045,0.5359,0.0017,0.8442,0.0934,0.147,0.1571,1
19.54,-0.5325,0.1339,0.7172,0.5337,0.0015,0.8462,0.0924,0.1487,0.1632,1
19.56,-0.6985,0.0531,0.6457,0.5325,0.0046,0.8437,0.0915,0.1475,0.1474,1
19.58,-0.4901,-0.032,0.4058,0.5293,0.0055,0.8474,0.0938,0.1486,0.1721,1
19.6,-0.7381,-0.4417,0.375,0.5301,0.0039,0.848,0.0925,0.1481,0.1578,1
19.62,-0.4666,-1.3858,0.2692,0.5297,0.0036,0.8484,0.0943,0.1485,0.1391,1
19.64,-0.4324,-1.412,0.5985,0.5327,0.005,0.847,0.0945,0.1481,0.1668,1
19.66,-0.3425,0.0227,0.5786,0.5299,0.0009,0.8449,0.0935,0.1474,0.1604,1
19.68,-0.1044,0.3619,0.3735,0.5289,0.0034,0.8434,0.0947,0.1469,0.1496,1
19.7,0.0973,0.1455,0.4156,0.5309,0.0045,0.842,0.0957,0.1476,0.1553,1
19.72,0.1518,0.2053,0.4703,0.5322,0.0006,0.8435,0.0957,0.1487,0.1647,1
19.74,0.1331,-0.0253,0.2748,0.5328,0.0013,0.8481,0.0952,0.1481,0.1676,1
19.76,0.1595,-0.043,0.1002,0.5326,0.0047,0.8496,0.093,0.1471,0.1497,1
19.78,0.1219,0.0708,0.1947,0.5332,0.0091,0.8484,0.0931,0.1485,0.136,1
19.8,-0.0868,0.2959,0.5245,0.5304,0.0078,0.8461,0.094,0.1464,0.1639,1
19.82,-0.0178,-0.3291,0.2576,0.5278,0.0079,0.8449,0.0944,0.1459,0.1445,1
19.84,-0.3255,-0.3623,0.1463,0.5295,0.0038,0.8446,0.0931,0.1476,0.1576,1
19.86,-0.6451,-0.6351,0.2535,0.5272,-0.0032,0.8418,0.0945,0.1478,0.1408,1
19.88,-0.6032,-0.2351,0.4064,0.5277,0.0017,0.8441,0.0935,0.1486,0.163,1
19.9,-0.4775,0.3339,-0.1585,0.5303,-0.0013,0.8479,0.093,0.1488,0.1661,1
19.92,-0.2729,0.2471,-0.411,0.5344,0.0043,0.8478,0.0939,0.1501,0.1648,1
19.94,-0.0043,0.4834,-0.0347,0.5326,0.0044,0.8451,0.0949,0.1508,0.167,1
19.96,0.021,0.3432,0.2616,0.5304,0.0012,0.8439,0.0943,0.1497,0.1788,1
19.98,-0.1171,0.1421,0.1667,0.5317,-0.0012,0.8425,0.0935,0.1484,0.1639,1
20.0,-0.158,0.5155,-0.0034,0.5304,0.0016,0.8426,0.0935,0.1481,0.1397,1
20.02,-0.1162,0.8997,-0.1579,0.5275,0.006,0.8435,0.0939,0.1487,0.1439,1
20.04,-0.3626,0.4738,-0.2545,0.5294,0.0076,0.8428,0.0941,0.1482,0.1552,1
20.06,-1.1231,-0.2768,-0.0447,0.5309,0.0128,0.8448,0.0945,0.1457,0.1564,1
20.08,-1.5265,-0.0723,-0.4346,0.5347,0.0053,0.8413,0.0943,0.1477,0.1581,1
20.1,-0.3681,-0.0436,-1.3516,0.529,-0.0133,0.8435,0.094,0.1468,0.1538,1
20.12,1.536,1.0436,-0.935,0.5308,-0.0042,0.8515,0.0928,0.146,0.1488,1
20.14,2.0814,0.6656,-0.3198,0.5289,0.0058,0.8488,0.0944,0.1466,0.1464,1
20.16,1.7689,0.2292,0.1953,0.529,0.0108,0.848,0.0951,0.1472,0.1475,1
20.18,0.8669,0.3869,0.6386,0.5269,0.0129,0.8507,0.0948,0.1476,0.1423,1
20.2,-1.01,-0.283,0.31,0.5324,0.0138,0.8451,0.0934,0.1466,0.1443,1
20.22,-1.808,-0.8235,0.1175,0.5319,0.0117,0.8437,0.0942,0.1459,0.1523,1
20.24,-1.4681,-0.9844,0.2529,0.532,0.0041,0.8476,0.0942,0.1457,0.14,1
20.26,-0.893,-0.7195,0.502,0.532,-0.0012,0.8483,0.0945,0.1453,0.1534,1
20.28,-0.2742,-0.1927,0.5247,0.5328,-0.0015,0.8468,0.094,0.1457,0.1704,1
20.3,-0.0888,0.18,0.3489,0.532,-0.0001,0.8469,0.0931,0.1469,0.1625,1
20.32,-0.3931,0.3888,0.2123,0.5281,0.0002,0.8471,0.0936,0.1473,0.1512,1
20.34,-0.2768,0.5296,0.0783,0.5286,0.0002,0.8455,0.0936,0.147,0.1429,1
20.36,-0.4363,0.0134,-0.0506,0.529,0.0057,0.8417,0.0953,0.146,0.156,1
20.38,-0.6808,-0.4034,-0.2773,0.5324,0.0056,0.8439,0.0943,0.1462,0.1549,1
20.4,-0.4524,-0.6302,-0.1414,0.5339,0.0023,0.8486,0.0953,0.1449,0.1351,1
20.42,-0.4878,-0.4335,0.0355,0.5304,0.0021,0.8472,0.0948,0.1468,0.1424,1
20.44,-0.0967,-0.7099,0.1807,0.5385,-0.0042,0.8437,0.0918,0.1485,0.1409,1
20.46,0.1711,-0.2707,0.3808,0.5331,-0.0058,0.8474,0.0939,0.1456,0.1526,1
20.48,0.2817,-0.3561,0.3014,0.5297,0.0032,0.8483,0.0949,0.1462,0.1501,1
20.5,-0.1417,0.0155,0.2311,0.5259,0.0062,0.8466,0.0929,0.1468,0.1518,1
20.52,-0.1944,0.145,0.3429,0.5303,0.0076,0.846,0.0929,0.1454,0.1575,1
20.54,-0.4419,-0.0077,0.0238,0.5312,0.0088,0.8437,0.0934,0.1455,0.1543,1
20.56,-1.0071,0.022,0.0417,0.5287,0.0104,0.8472,0.0931,0.1463,0.1551,1
20.58,-1.1609,0.1743,0.4377,0.5333,0.0105,0.8474,0.0933,0.1461,0.1563,1
20.6,-0.6153,0.2148,0.6113,0.5404,0.0105,0.8414,0.094,0.1453,0.156,1
20.62,0.0972,0.1947,0.9005,0.5384,0.008,0.8456,0.0941,0.1456,0.1649,1
20.64,0.3895,0.0904,1.2406,0.5329,-0.0035,0.8503,0.0941,0.147,0.1622,1
20.66,0.2562,0.0481,0.8354,0.533,-0.0029,0.8438,0.0944,0.1465,0.153,1
20.68,0.3053,0.4594,0.1438,0.5333,0.0033,0.8467,0.0951,0.1469,0.1581,1
20.7,-0.2717,0.0827,-0.4046,0.5309,0.0079,0.8429,0.0935,0.1459,0.1546,1
20.72,-0.6485,-0.1224,-0.09,0.5266,0.0021,0.8478,0.0944,0.1455,0.163,1
20.74,-1.2547,0.4858,0.3419,0.5314,0.0009,0.846,0.0933,0.1472,0.1558,1
20.76,-0.8126,-0.2469,-0.0043,0.5343,-0.0032,0.8416,0.0935,0.1459,0.1691,1
20.78,-0.1353,-0.1622,0.1184,0.5308,-0.0022,0.845,0.0941,0.1472,0.161,1
20.8,-0.1064,0.2298,0.2186,0.5312,0.0037,0.8487,0.0942,0.1474,0.1552,1
20.82,-0.0895,0.6199,0.2772,0.5316,0.0018,0.8477,0.0936,0.1461,0.1574,1
20.84,0.172,0.7746,0.1538,0.5298,-0.0006,0.8495,0.0935,0.1465,0.1587,1
20.86,0.0339,0.6167,-0.0339,0.5291,0.0043,0.8489,0.0945,0.1466,0.1556,1
20.88,-0.3239,0.3621,-0.0719,0.5282,0.0119,0.8461,0.0948,0.1457,0.1663,1
20.9,-0.453,0.2287,-0.1326,0.5279,0.0104,0.8468,0.0943,0.1452,0.1726,1
20.92,-0.6357,0.2707,-0.106,0.5335,-0.0004,0.8455,0.0945,0.145,0.1478,1
20.94,-0.5892,0.5417,0.4464,0.5373,-0.0035,0.842,0.0938,0.1468,0.1485,1
20.96,-0.2131,0.7926,0.2791,0.5321,-0.0026,0.8468,0.0939,0.1476,0.1607,1
20.98,0.3689,0.1784,-0.1486,0.5314,-0.0002,0.847,0.0953,0.1475,0.1652,1
21.0,0.425,0.5061,0.1976,0.5295,0.0068,0.8469,0.0952,0.1469,0.1537,1
21.02,0.5851,0.3732,0.4656,0.5302,0.0058,0.8497,0.0938,0.1468,0.157,1
21.04,0.2053,0.2666,0.3184,0.5243,0.008,0.8521,0.0959,0.1463,0.1792,1
21.06,-0.0123,-0.4685,0.5928,0.526,0.0107,0.8501,0.0941,0.1463,0.1553,1
21.08,-0.1158,-0.4615,0.8735,0.5309,0.0093,0.8469,0.0944,0.1467,0.1448,1
21.1,-0.3247,-0.0998,0.7564,0.5331,0.0049,0.8463,0.097,0.1472,0.1476,1
21.12,-0.585,0.0583,0.6635,0.5296,0.003,0.8469,0.0965,0.1464,0.1541,1
21.14,-0.5346,0.1322,0.5606,0.5307,0.0025,0.8464,0.0944,0.1459,0.1526,1
21.16,-0.3764,-0.0534,0.6441,0.5314,0.0018,0.8454,0.0932,0.1458,0.1423,1
21.18,-0.5907,-0.0316,0.652,0.5296,0.0009,0.8462,0.0928,0.1461,0.143,1
21.2,-0.7608,0.6972,0.2363,0.532,0.0007,0.8484,0.0925,0.1465,0.1552,1
21.22,-0.3069,1.0643,0.1241,0.5327,0.0012,0.8488,0.0922,0.146,0.155,1
21.24,-0.0319,0.3961,0.5998,0.5286,-0.0009,0.8456,0.0923,0.1464,0.1507,1
21.26,-0.08,0.1659,0.568,0.5309,-0.0045,0.844,0.0922,0.1462,0.1477,1
21.28,0.2046,0.0725,0.7788,0.5282,-0.001,0.8498,0.0941,0.1476,0.1441,1
21.3,-0.1896,0.3634,1.1349,0.5309,-0.0005,0.8465,0.0928,0.1451,0.1449,1
21.32,-0.1648,0.5103,1.0702,0.5318,-0.0001,0.845,0.0918,0.1437,0.1229,1
21.34,-0.0985,0.0184,0.8929,0.5308,-0.0038,0.8484,0.0941,0.1452,0.1521,1
21.36,-0.4799,0.1602,0.5951,0.5245,-0.0038,0.8494,0.0937,0.145,0.1443,1
21.38,-0.3659,0.4125,0.1631,0.5262,0.0034,0.8448,0.0929,0.1462,0.1477,1
21.4,-0.2964,0.357,0.2325,0.5295,0.0021,0.8435,0.0927,0.1446,0.1564,1
21.42,-0.5822,0.2078,0.5142,0.5309,0.0007,0.8489,0.0922,0.1454,0.146,1
21.44,-0.7731,-0.0376,0.2886,0.5306,-0.0019,0.8476,0.0916,0.1463,0.1379,1
21.46,-0.8188,-0.317,0.0817,0.5282,-0.0034,0.8445,0.0917,0.1472,0.1402,1
21.48,-0.8738,-0.5392,0.0393,0.5244,-0.0032,0.8473,0.0915,0.1472,0.1412,1
21.5,-0.848,-0.5936,-0.1292,0.523,-0.0051,0.8483,0.091,0.146,0.1469,1
21.52,-0.643,-0.2611,0.1785,0.5269,-0.0049,0.8461,0.0913,0.1466,0.152,1
21.54,-0.3272,0.2049,0.9613,0.5331,-0.0012,0.8498,0.0912,0.1462,0.137,1
21.56,-0.2299,0.0644,1.0005,0.5342,-0.0056,0.8498,0.0927,0.1464,0.1484,1
21.58,-0.3542,0.0436,0.6076,0.5329,-0.0037,0.8469,0.0933,0.1478,0.1232,1
21.6,-0.6334,-0.5348,0.0451,0.5311,-0.0005,0.843,0.0897,0.147,0.1291,1
21.62,-0.1022,-0.5433,0.0601,0.5311,-0.0008,0.8487,0.0925,0.1459,0.1426,1
21.64,0.0662,-0.1568,0.317,0.5286,0.0024,0.8506,0.0911,0.1464,0.1639,1
21.66,-0.0313,-0.4775,0.2189,0.5261,-0.0033,0.85,0.0915,0.146,0.1348,1
21.68,0.1495,-0.6239,0.2659,0.5316,-0.0044,0.849,0.09,0.1458,0.1458,1
21.7,0.1991,-1.1485,0.1482,0.5296,0.0026,0.8457,0.0908,0.1475,0.1478,1
21.72,0.1416,-1.1101,-0.055,0.5288,0.0057,0.843,0.0907,0.1477,0.1527,1
21.74,0.0498,-0.9872,-0.0882,0.5309,0.005,0.8444,0.0902,0.1468,0.1551,1
21.76,-0.361,-0.4305,0.2668,0.5318,-0.0,0.8467,0.0916,0.1464,0.1483,1
21.78,-0.6552,0.5269,0.3746,0.5319,-0.0021,0.8469,0.0924,0.1456,0.1434,1
21.8,-0.586,0.9479,0.076,0.5316,0.0003,0.8463,0.0924,0.1452,0.1536,1
21.82,-0.49,0.7889,-0.0919,0.5284,-0.0028,0.8472,0.0933,0.1463,0.1607,1
21.84,-0.3629,0.5473,-0.3034,0.5242,-0.0091,0.8478,0.0936,0.1466,0.152,1
21.86,-0.4762,-0.0273,-0.3776,0.5237,-0.009,0.8467,0.0941,0.1461,0.1694,1
21.88,-0.0867,0.0345,-0.096,0.5261,0.0002,0.8509,0.0924,0.1467,0.1522,1
21.9,0.2898,-0.8934,0.1505,0.5288,0.0044,0.8513,0.0938,0.1461,0.1593,1
21.92,0.0535,-1.717,-0.1719,0.5335,-0.0035,0.8479,0.0936,0.1459,0.1482,1
21.94,0.1402,-1.0453,-0.1669,0.5358,-0.0048,0.8455,0.0923,0.1442,0.157,1
21.96,0.4045,-0.5461,-0.299,0.5401,0.002,0.8435,0.0926,0.145,0.1719,1
21.98,0.5149,0.7857,-0.538,0.5375,0.0045,0.8425,0.0926,0.1451,0.1582,1
22.0,-0.0449,1.2945,-0.2577,0.5322,0.0017,0.8441,0.0912,0.1465,0.1388,1
22.02,-0.1703,1.2052,-0.1793,0.5298,-0.0009,0.8463,0.0914,0.1439,0.1486,1
22.04,-0.2415,0.5868,-0.0969,0.5342,-0.0,0.8494,0.0928,0.1442,0.1376,1
22.06,-0.3437,0.7459,0.0501,0.5344,-0.0025,0.8509,0.0934,0.1458,0.1409,1
22.08,-0.3588,1.131,-0.0112,0.5295,-0.0029,0.8501,0.0936,0.1452,0.1684,1
22.1,-0.3901,0.967,-0.1723,0.528,0.0013,0.8489,0.093,0.1441,0.1688,1
22.12,-0.5617,0.4043,-0.3258,0.5296,0.0027,0.8461,0.0919,0.1445,0.1459,1
22.14,-0.4705,-0.4832,-0.3906,0.5301,-0.0004,0.8446,0.0924,0.1454,0.1497,1
22.16,0.2286,-0.8547,0.0534,0.5311,-0.0024,0.8492,0.0937,0.1456,0.1586,1
22.18,0.339,0.2484,0.5402,0.532,0.0006,0.8474,0.0944,0.1461,0.1441,1
22.2,-0.3056,0.9532,0.547,0.532,-0.0012,0.8449,0.0935,0.1464,0.1643,1
22.22,0.0638,0.4778,0.4338,0.526,-0.0035,0.852,0.091,0.1466,0.1665,1
22.24,-0.0886,0.5011,0.3726,0.5198,0.0018,0.8516,0.0927,0.1444,0.1513,1
22.26,-0.0396,0.1533,0.3613,0.5224,-0.0007,0.8472,0.0935,0.1427,0.1521,1
22.28,0.2699,-0.6881,0.4895,0.5286,0.0016,0.8483,0.0931,0.1458,0.1343,1
22.3,-0.0708,-0.5162,0.2613,0.5264,-0.0016,0.8526,0.0933,0.1449,0.1478,1
22.32,-0.1605,-0.3074,0.2247,0.5292,0.002,0.8484,0.0908,0.1453,0.1296,1
22.34,-0.2173,-0.1046,-0.0583,0.5341,0.0035,0.8464,0.0926,0.147,0.1379,1
22.36,-0.1707,-0.1853,0.1008,0.5353,-0.0006,0.8472,0.095,0.1453,0.14,1
22.38,-0.2965,0.2273,0.2953,0.5334,-0.0,0.8457,0.0933,0.1433,0.1549,1
22.4,-0.4973,0.5301,0.1946,0.5295,0.0036,0.8427,0.092,0.1458,0.1645,1
22.42,-0.4965,0.3529,0.2015,0.5267,-0.0014,0.8446,0.0916,0.1463,0.1511,1
22.44,-0.4896,0.1533,0.4111,0.5275,-0.0057,0.8488,0.0915,0.1438,0.1488,1
22.46,-0.5495,-0.1326,0.4846,0.5281,-0.0005,0.8487,0.0929,0.1449,0.1618,1
22.48,-0.3113,-0.3085,0.4323,0.5268,-0.001,0.8477,0.0922,0.1459,0.1639,1
22.5,-0.0142,0.1429,0.3722,0.5289,-0.0008,0.8476,0.0922,0.1451,0.1745,1
22.52,0.0681,-0.1176,0.3196,0.5291,0.0011,0.8512,0.0928,0.146,0.1451,1
22.54,-0.1461,0.2703,0.4249,0.5332,0.0035,0.8467,0.0935,0.1444,0.1463,1
22.56,0.2247,1.5518,-0.0006,0.5275,-0.0011,0.8456,0.0938,0.1466,0.1672,1
22.58,-0.0535,3.0287,0.1043,0.5267,-0.0042,0.8495,0.094,0.1439,0.145,1
22.6,0.0795,1.7898,0.3198,0.5183,-0.0006,0.849,0.0936,0.1457,0.1533,1
22.62,-0.2286,0.0327,0.3349,0.5211,-0.0014,0.8505,0.0936,0.1454,0.1601,1
22.64,-0.0381,-0.6301,0.2174,0.5247,-0.0039,0.852,0.0916,0.1457,0.1709,1
22.66,-0.6226,-0.6025,0.1931,0.5222,-0.0021,0.8515,0.0915,0.1463,0.1549,1
22.68,-0.5289,-0.2504,0.4079,0.5275,-0.0008,0.8473,0.0931,0.1471,0.159,1
22.7,-0.3293,-0.1935,0.3659,0.5297,-0.0037,0.8506,0.0934,0.1461,0.1558,1
22.72,-0.2361,-0.3156,0.202,0.5287,-0.0027,0.8526,0.0936,0.145,0.1512,1
22.74,-0.1178,-0.3498,0.1084,0.5261,0.0022,0.8475,0.0938,0.1448,0.1483,1
22.76,-0.0745,-0.3742,0.0588,0.5238,0.0012,0.8454,0.0935,0.1444,0.1531,1
22.78,-0.0668,-0.1551,0.0959,0.5233,-0.0003,0.8481,0.0924,0.145,0.1568,1
22.8,-0.1345,0.1464,0.1248,0.5236,0.0017,0.8467,0.0916,0.1465,0.1393,1
22.82,-0.3368,-0.0767,0.052,0.5273,-0.005,0.8443,0.0929,0.1463,0.1326,1
22.84,-0.1922,0.2775,0.2322,0.5293,-0.0048,0.8487,0.091,0.1468,0.1461,1
22.86,-0.2995,0.6066,0.3116,0.5236,0.0053,0.8535,0.0924,0.1475,0.1432,1
22.88,-0.365,0.3704,0.2026,0.5259,0.0068,0.8491,0.0932,0.1461,0.15,1
22.9,0.0241,0.2865,0.4272,0.5211,0.0043,0.8461,0.0932,0.1461,0.1523,1
22.92,0.3641,-0.8007,-0.181,0.528,-0.0031,0.8504,0.094,0.1438,0.149,1
22.94,0.5766,-0.7404,0.1929,0.5252,0.0002,0.8468,0.0927,0.145,0.1633,1
22.96,-0.016,-0.9796,0.5341,0.5314,0.0049,0.846,0.0933,0.1455,0.1521,1
22.98,-0.2612,-0.7895,0.7222,0.5319,-0.0031,0.8477,0.094,0.1461,0.1608,1
23.0,-0.2106,0.0959,0.2997,0.5279,0.0013,0.8472,0.0921,0.1463,0.169,1
23.02,-0.1175,0.369,0.0975,0.5204,0.0016,0.8502,0.0914,0.1465,0.1504,1
23.04,-0.3152,0.1574,-0.0557,0.5243,-0.0002,0.8501,0.0926,0.1465,0.1486,1
23.06,-0.4506,-0.1581,0.2386,0.5273,-0.0001,0.8478,0.0931,0.1458,0.1454,1
23.08,-0.3917,-0.25,0.3795,0.5272,0.0019,0.8472,0.0936,0.1454,0.1396,1
23.1,-0.1912,0.0596,0.1524,0.5258,0.0046,0.8493,0.0955,0.1455,0.1408,1
23.12,0.0415,0.2317,0.1273,0.5249,0.0041,0.8503,0.0953,0.145,0.1519,1
23.14,-0.0083,0.0488,0.249,0.5273,0.0022,0.8474,0.0928,0.1451,0.1585,1
23.16,-0.3163,0.1146,0.2163,0.5265,0.0037,0.8464,0.0927,0.1462,0.1462,1
23.18,-0.4496,0.173,0.2392,0.5256,0.0015,0.851,0.0927,0.1447,0.1478,1
23.2,-0.5559,0.0476,0.369,0.5276,0.0011,0.8525,0.0949,0.1429,0.1414,1
23.22,-0.3901,0.0826,0.3017,0.5198,0.0036,0.845,0.0953,0.1438,0.1499,1
23.24,-0.0667,-0.0305,0.1763,0.5263,0.0014,0.849,0.0908,0.145,0.1665,1
23.26,-0.0817,-0.1245,0.7906,0.5339,-0.0004,0.8486,0.092,0.1445,0.1388,1
23.28,-0.1002,0.2743,0.6605,0.5297,-0.0016,0.8473,0.0927,0.1473,0.1718,1
23.3,-0.3515,-0.1124,0.3403,0.5319,0.001,0.8473,0.0923,0.1459,0.1591,1
23.32,-0.7466,0.0086,0.4074,0.5282,-0.0062,0.8462,0.093,0.1463,0.1599,1
23.34,-0.5785,-0.4194,0.2515,0.5307,-0.0046,0.8488,0.0948,0.1449,0.1537,1
23.36,-0.236,-0.182,0.138,0.5307,-0.004,0.8475,0.0945,0.1456,0.1617,1
23.38,-0.3258,0.0977,0.296,0.5292,-0.003,0.8465,0.0938,0.145,0.1592,1
23.4,-0.0255,-0.3318,0.2084,0.526,-0.0034,0.8461,0.0941,0.1463,0.1568,1
23.42,0.1506,-0.3749,0.0921,0.5261,-0.0005,0.8496,0.0942,0.1468,0.1538,1
23.44,0.2905,0.0387,0.1597,0.5282,0.0016,0.8492,0.0939,0.1457,0.1482,1
23.46,0.1402,0.0012,0.3457,0.5288,-0.0009,0.8483,0.094,0.1446,0.1558,1
23.48,-0.2857,-0.304,0.4464,0.5295,-0.0046,0.8486,0.095,0.1442,0.1691,1
23.5,-0.4229,-0.4279,0.439,0.5296,-0.0035,0.8465,0.0951,0.1454,0.1647,1
23.52,-0.3459,-0.7966,0.3704,0.5279,-0.0009,0.8475,0.0938,0.147,0.1525,1
23.54,-0.1918,-0.9174,0.0783,0.5283,-0.0047,0.8484,0.0936,0.1462,0.1524,1
23.56,-0.4666,0.1198,0.0417,0.5286,-0.001,0.8483,0.0931,0.1446,0.1614,1
23.58,-0.2837,0.3039,0.2328,0.5283,0.0012,0.8491,0.0943,0.1455,0.1672,1
23.6,0.025,0.9768,0.2466,0.5328,-0.0033,0.8491,0.094,0.144,0.1598,1
23.62,-0.5701,0.7,0.0666,0.5262,-0.0085,0.8494,0.0924,0.1436,0.1381,1
23.64,-0.83,0.5096,-0.5328,0.5289,-0.0009,0.8452,0.094,0.1468,0.162,1
23.66,-0.5743,0.1979,-0.1618,0.5287,-0.0014,0.849,0.093,0.1465,0.1455,1
23.68,-0.0676,-0.8643,0.2005,0.5329,-0.0013,0.8464,0.0918,0.1472,0.1531,1
23.7,-0.3403,-1.1452,0.3813,0.535,-0.0032,0.8507,0.0935,0.1455,0.1498,1
23.72,-0.5409,-0.3623,0.3914,0.5322,-0.0063,0.8502,0.0929,0.1462,0.1508,1
23.74,-0.4845,0.1663,0.3007,0.5257,-0.0051,0.8474,0.0933,0.1462,0.1505,1
23.76,-0.3793,-0.0216,0.1451,0.526,-0.0018,0.8463,0.0924,0.1471,0.1538,1
23.78,-0.3608,0.1065,0.2161,0.5281,-0.0041,0.8491,0.093,0.1469,0.1526,1
23.8,-0.1482,0.5077,0.5582,0.5256,-0.0034,0.8481,0.0932,0.1449,0.1563,1
23.82,-0.1771,0.3398,0.8404,0.5243,-0.001,0.8464,0.0928,0.1458,0.161,1
23.84,-0.4991,-0.2326,0.6215,0.528,-0.0033,0.848,0.0915,0.1468,0.1572,1
23.86,-0.7485,-0.4551,0.2049,0.5313,-0.0051,0.8492,0.091,0.1458,0.1505,1
23.88,-0.6472,-0.1983,0.2688,0.5324,-0.0003,0.8479,0.092,0.1452,0.155,1
23.9,-0.2564,0.0265,0.6032,0.5336,0.0032,0.8467,0.0923,0.1451,0.1588,1
23.92,-0.1059,-0.1216,0.5366,0.5319,-0.0012,0.8465,0.0929,0.1451,0.1489,1
23.94,-0.0769,-0.1846,0.2306,0.5284,-0.0034,0.8451,0.0941,0.1444,0.1525,1
23.96,-0.1287,0.0287,0.2904,0.5275,-0.0045,0.843,0.0939,0.1445,0.1329,1
23.98,0.09,-0.2035,0.6291,0.5348,-0.0004,0.8424,0.0929,0.1456,0.1578,1
24.0,0.0755,-0.9253,0.4094,0.5286,0.0002,0.8436,0.0936,0.1449,0.1461,1
24.02,0.3706,-1.0172,0.5061,0.5339,-0.0019,0.8438,0.0911,0.1441,0.1477,1
24.04,0.1082,-0.2228,0.5155,0.534,-0.0095,0.8481,0.0928,0.1466,0.1465,1
24.06,0.0179,0.2559,0.5255,0.5322,-0.0085,0.8433,0.0922,0.1459,0.1388,1
24.08,-0.0532,0.7428,-0.0784,0.5289,-0.0059,0.8483,0.0937,0.1454,0.1586,1
24.1,0.1623,0.9932,0.1026,0.5256,0.0004,0.8525,0.093,0.1448,0.1483,1
24.12,-0.2999,0.8779,0.1365,0.5296,-0.0057,0.851,0.093,0.1472,0.1472,1
24.14,-0.076,0.9024,-0.0917,0.5238,-0.0033,0.8522,0.0924,0.1465,0.1615,1
24.16,0.0943,0.7066,0.0205,0.5227,-0.0042,0.8521,0.0931,0.1462,0.1434,1
24.18,-0.0686,0.1271,-0.0311,0.5234,-0.0029,0.8512,0.0932,0.1459,0.1497,1
24.2,-0.2936,-0.626,-0.057,0.5248,-0.0054,0.8511,0.0928,0.1459,0.1477,1
24.22,-0.4588,-0.8896,0.0689,0.5288,-0.0005,0.8485,0.0925,0.147,0.1541,1
24.24,-0.3734,-0.6854,0.1953,0.5299,0.003,0.844,0.0928,0.1469,0.1619,1
24.26,-0.3023,-0.4303,0.0261,0.5298,-0.0005,0.8432,0.0939,0.1456,0.1509,1
24.28,-0.2467,-0.2608,-0.1426,0.5311,-0.0033,0.8443,0.0942,0.1451,0.1391,1
24.3,-0.1691,-0.0715,-0.0613,0.5308,-0.0046,0.8458,0.0938,0.1452,0.145,1
24.32,-0.3306,0.3399,-0.2388,0.5306,-0.0028,0.8481,0.0942,0.1446,0.1537,1
24.34,-0.2227,0.7316,-0.4177,0.5301,-0.0011,0.8455,0.0929,0.1439,0.1484,1
24.36,-0.1528,0.5117,-0.0815,0.5289,-0.0058,0.8481,0.0931,0.147,0.1632,1
24.38,-0.0885,0.125,0.4569,0.5317,-0.0122,0.8512,0.0945,0.1461,0.1451,1
24.4,0.0584,0.2649,0.6659,0.5314,-0.0066,0.8477,0.0926,0.1464,0.1589,1
24.42,-0.1585,0.1597,0.5316,0.5332,-0.0074,0.845,0.0928,0.1456,0.1685,1
24.44,-0.383,-0.2008,0.5521,0.5323,-0.0041,0.8442,0.094,0.1436,0.1544,1
24.46,-0.1579,-0.4179,0.3428,0.5203,-0.0049,0.8469,0.0942,0.146,0.1741,1
24.48,0.0253,-0.2854,0.0815,0.5238,-0.0032,0.8419,0.0931,0.1464,0.1718,1
24.5,0.153,0.1245,0.2745,0.5308,-0.005,0.8436,0.0939,0.1466,0.1599,1
24.52,0.1361,-0.1185,0.4494,0.5325,-0.0027,0.8476,0.0933,0.1456,0.1738,1
24.54,-0.1442,0.071,0.363,0.5297,0.0031,0.8485,0.0938,0.1462,0.1525,1
24.56,-0.1163,0.1715,0.3517,0.5283,0.0043,0.8486,0.0946,0.1457,0.1676,1
24.58,-0.0163,0.4449,0.3261,0.5322,-0.0011,0.8484,0.0949,0.1461,0.1676,1
24.6,-0.3144,0.573,0.0077,0.5327,-0.0048,0.8495,0.0949,0.1449,0.146,1
24.62,-0.5414,0.2807,0.0059,0.5292,0.0005,0.8482,0.0939,0.1461,0.1511,1
24.64,-0.4462,0.7172,0.2374,0.526,-0.0022,0.8456,0.0936,0.1467,0.1507,1
24.66,-0.5723,0.4816,0.2051,0.5262,-0.0039,0.8447,0.0947,0.1463,0.153,1
24.68,-0.4486,0.2032,0.2077,0.529,-0.0038,0.8482,0.0951,0.147,0.1495,1
24.7,-0.0672,0.5754,0.4007,0.5281,-0.0027,0.8492,0.0948,0.1468,0.1432,1
24.72,0.0301,0.3945,0.3373,0.5265,-0.0001,0.848,0.0948,0.1463,0.1464,1
24.74,-0.0267,-0.4294,0.1944,0.5278,-0.0023,0.8491,0.0945,0.1453,0.1553,1
24.76,0.0315,-0.713,0.3609,0.5272,-0.0034,0.8491,0.094,0.1436,0.1659,1
24.78,0.2244,-0.2376,0.346,0.5273,0.0009,0.8484,0.0941,0.145,0.1693,1
24.8,0.2781,0.2948,-0.025,0.5284,0.0019,0.8448,0.0943,0.1464,0.174,1
24.82,0.0198,0.7229,-0.2129,0.5289,0.0033,0.8439,0.0939,0.1467,0.1662,1
24.84,-0.3825,-0.311,0.118,0.5279,0.0003,0.8482,0.0936,0.1478,0.161,1
24.86,-0.4673,0.0133,0.3218,0.5317,-0.0017,0.8491,0.0954,0.1464,0.1599,1
24.88,-0.6785,0.7231,0.0016,0.5305,-0.0032,0.8513,0.094,0.1451,0.148,1
24.9,-1.0553,0.646,-0.021,0.5251,0.002,0.849,0.0932,0.1429,0.174,1
24.92,-0.2794,0.4247,-0.0124,0.524,-0.0074,0.8446,0.0961,0.1457,0.1741,1
24.94,-0.3692,-0.2014,-0.0724,0.5279,-0.007,0.848,0.0952,0.1468,0.1753,1
24.96,-0.5267,-0.2761,0.1671,0.5313,-0.0093,0.8444,0.095,0.1435,0.1468,1
24.98,-0.0458,-0.0122,0.1313,0.5273,-0.0068,0.8525,0.0931,0.1458,0.1515,1
25.0,0.2007,0.6137,0.1259,0.5216,-0.0042,0.8533,0.0937,0.1444,0.1464,1
25.02,-0.2147,0.3701,-0.1114,0.5261,-0.0067,0.8459,0.0954,0.1455,0.1506,1
25.04,-0.1007,0.5121,0.0239,0.5257,-0.0065,0.847,0.0951,0.1447,0.153,1
25.06,0.062,0.0407,0.3046,0.5261,-0.0039,0.8518,0.0939,0.1458,0.1592,1
25.08,-0.0625,-0.4655,0.5018,0.5262,0.0012,0.85,0.0946,0.1466,0.1598,1
25.1,-0.0519,-0.0232,0.6746,0.5284,0.0001,0.8474,0.0941,0.1466,0.1622,1
25.12,-0.2705,0.1415,0.528,0.5293,-0.0071,0.8481,0.0941,0.1464,0.1704,1
25.14,-0.6287,0.2889,0.1026,0.5269,-0.0064,0.8483,0.0942,0.1453,0.156,1
25.16,-0.4041,0.6853,0.1923,0.5241,-0.0051,0.8477,0.0946,0.1447,0.1444,1
25.18,-0.1772,0.8388,0.3951,0.5233,-0.006,0.8474,0.0948,0.1449,0.158,1
25.2,-0.3315,0.1072,0.3579,0.523,-0.0037,0.8491,0.0945,0.1448,0.1647,1
25.22,-0.2646,-0.3664,0.1936,0.5249,-0.0005,0.8472,0.0941,0.1442,0.165,1
25.24,-0.1516,0.083,-0.0114,0.528,0.0014,0.8446,0.0937,0.1443,0.1598,1
25.26,-0.146,0.2659,0.0882,0.5276,-0.0009,0.8484,0.0937,0.1457,0.1516,1
25.28,0.0394,0.335,0.363,0.5288,-0.0029,0.8491,0.0937,0.1465,0.1609,1
25.3,-0.2035,0.6746,0.2703,0.5306,0.0028,0.8484,0.0935,0.1453,0.1481,1
25.32,-0.5471,0.7959,-0.2297,0.5257,-0.0002,0.8513,0.0942,0.1456,0.145,1
25.34,-0.6732,0.1223,-0.3569,0.5263,-0.0057,0.8495,0.0947,0.1455,0.1556,1
25.36,-0.9149,-0.806,-0.1816,0.5234,-0.0077,0.85,0.0953,0.1453,0.1605,1
25.38,-0.5916,-0.5182,0.3568,0.519,-0.0094,0.8513,0.0939,0.1445,0.159,1
25.4,-0.5388,-0.2518,0.5428,0.523,-0.0067,0.8479,0.0945,0.1443,0.1475,1
25.42,-0.0545,-0.1547,0.2979,0.5289,-0.0079,0.8464,0.0944,0.1452,0.1505,1
25.44,0.3143,-0.1426,0.0762,0.5254,-0.0057,0.8454,0.0955,0.1454,0.1721,1
25.46,0.0271,0.3965,0.2961,0.5267,-0.0009,0.8519,0.0934,0.1436,0.1755,1
25.48,0.0672,-0.0664,-0.0412,0.5245,-0.0008,0.8491,0.0957,0.1467,0.1611,1
25.5,0.1886,0.1879,0.1206,0.531,-0.009,0.848,0.0928,0.1445,0.1411,1
25.52,-0.1098,-0.1791,0.1214,0.5259,-0.0017,0.8494,0.0942,0.1453,0.1671,1
25.54,-0.159,-0.4404,-0.106,0.5267,-0.005,0.851,0.0942,0.1449,0.1571,1
25.56,-0.0784,-0.2004,0.1437,0.5314,-0.0063,0.8495,0.0937,0.1471,0.168,1
25.58,-0.2792,-0.1933,0.1041,0.5261,-0.0109,0.8486,0.0943,0.1454,0.1424,1
25.6,-0.0953,-0.1937,0.2749,0.5254,-0.005,0.8499,0.0956,0.1452,0.1365,1
25.62,-0.1438,0.1716,0.2907,0.5297,-0.005,0.848,0.0946,0.1443,0.1397,1
25.64,-0.1852,0.047,0.1177,0.5319,-0.0045,0.8512,0.0957,0.1441,0.1582,1
25.66,-0.0869,-0.0135,0.31,0.5297,-0.0059,0.8491,0.0936,0.146,0.1579,1
25.68,-0.2039,-0.1153,0.2768,0.526,-0.001,0.8485,0.094,0.145,0.1721,1
25.7,-0.2498,-0.2281,0.0539,0.5269,-0.0079,0.8469,0.0947,0.1445,0.1725,1
25.72,-0.334,-0.0694,0.0463,0.5307,-0.0056,0.8505,0.0948,0.1447,0.1617,1
25.74,-0.2101,-0.2689,0.3036,0.5303,-0.0052,0.8527,0.0946,0.1441,0.1527,1
25.76,0.1224,-0.2084,0.526,0.5292,-0.0063,0.8519,0.094,0.1447,0.148,1
25.78,-0.056,-0.0093,0.4614,0.5324,-0.0057,0.8523,0.0943,0.1449,0.1478,1
25.8,-0.2559,0.0669,0.1967,0.5298,-0.0055,0.8495,0.0945,0.1444,0.1573,1
25.82,0.0659,-0.0302,-0.0347,0.523,-0.0034,0.8481,0.0934,0.1443,0.1616,1
25.84,0.3406,-0.3819,0.0241,0.524,-0.0032,0.8499,0.0927,0.1452,0.159,1
25.86,0.2853,-0.2481,0.2593,0.5252,-0.0041,0.8483,0.0933,0.1459,0.1596,1
25.88,-0.0198,-0.0298,0.151,0.5247,-0.0028,0.85,0.0941,0.145,0.1503,1
25.9,-0.2407,-0.2976,-0.0168,0.5271,-0.0008,0.8532,0.0949,0.1462,0.1534,1
25.92,-0.2309,-0.2436,0.194,0.5259,-0.004,0.8501,0.0945,0.1468,0.16,1
25.94,-0.2075,0.1719,0.1076,0.5321,-0.0029,0.8472,0.0932,0.1449,0.15,1
25.96,-0.325,0.2207,0.0377,0.5301,-0.0012,0.845,0.0946,0.144,0.1623,1
25.98,-0.3977,0.299,0.3079,0.5304,-0.0045,0.8496,0.0954,0.1438,0.1361,1
26.0,-0.2517,0.3095,0.2956,0.5262,-0.0049,0.852,0.0934,0.1443,0.1391,1
26.02,-0.4391,0.2891,0.068,0.5213,-0.0072,0.8508,0.095,0.1472,0.1615,1
26.04,-0.3154,-0.4518,0.0755,0.526,-0.0039,0.8516,0.0944,0.1449,0.168,1
26.06,-0.1046,-0.0588,0.1865,0.5292,-0.0063,0.8493,0.0937,0.1461,0.1712,1
26.08,-0.4213,0.2639,0.1663,0.5291,-0.0042,0.8444,0.0931,0.1449,0.1679,1
26.1,-0.3628,0.3744,0.0968,0.5319,0.0021,0.8509,0.093,0.1445,0.1594,1
26.12,-0.1388,-0.1522,0.2615,0.5253,-0.0068,0.8507,0.0929,0.1448,0.1742,1
26.14,-0.1045,-0.3321,0.4211,0.524,-0.0031,0.8467,0.0919,0.1438,0.1585,1
26.16,-0.2462,-0.4748,0.3308,0.529,0.0015,0.8487,0.0924,0.1447,0.158,1
26.18,-0.0961,0.0899,0.3525,0.5238,-0.0015,0.8488,0.0945,0.1435,0.1324,1
26.2,-0.0749,0.773,0.2695,0.5255,-0.004,0.8492,0.0936,0.1436,0.1334,1
26.22,-0.2166,0.0369,0.5275,0.5311,0.0052,0.847,0.0944,0.1458,0.158,1
26.24,-0.0736,0.1367,0.2812,0.5317,-0.0003,0.8497,0.0934,0.1448,0.1605,1
26.26,-0.3568,0.5577,0.3489,0.5267,-0.0048,0.843,0.0934,0.1444,0.1516,1
26.28,-0.139,-0.1263,0.2401,0.5267,-0.003,0.8478,0.0942,0.1466,0.1583,1
26.3,0.0934,-0.4127,0.2518,0.5296,-0.0084,0.8506,0.0943,0.1464,0.1704,1
26.32,0.0219,-0.1768,0.3058,0.5303,-0.0073,0.8495,0.0929,0.1439,0.157,1
26.34,-0.2102,0.6556,-0.0007,0.5289,-0.0053,0.8513,0.0931,0.1452,0.1441,1
26.36,0.0303,0.8285,0.0636,0.528,-0.0053,0.8496,0.0943,0.1438,0.1452,1
26.38,0.158,0.2906,0.0945,0.5269,-0.0066,0.8524,0.0944,0.1452,0.1373,1
26.4,0.1689,0.1574,0.4202,0.527,-0.0063,0.8502,0.0945,0.1448,0.1454,1
26.42,0.2642,-0.1305,0.3595,0.5284,-0.0035,0.8473,0.0949,0.1437,0.1634,1
26.44,-0.0076,-0.2251,0.3574,0.5276,-0.0019,0.8506,0.0944,0.1439,0.1536,1
26.46,-0.1255,-0.196,0.184,0.5251,0.0005,0.8524,0.0944,0.1431,0.1376,1
26.48,-0.0462,-0.1827,0.2023,0.5226,0.002,0.8513,0.0938,0.1432,0.136,1
26.5,-0.0695,-0.1171,0.3129,0.5239,-0.0005,0.8525,0.0941,0.1447,0.1519,1
26.52,0.0602,0.3044,0.4124,0.5263,-0.0038,0.8535,0.0932,0.1449,0.1494,1
26.54,0.07,0.3861,0.3322,0.5259,-0.0034,0.8522,0.0936,0.1443,0.144,1
26.56,-0.0883,-0.0119,-0.0201,0.5233,0.0009,0.8525,0.0942,0.1442,0.1527,1
26.58,0.0111,-0.4797,-0.2209,0.5234,0.0006,0.8527,0.0937,0.1442,0.1606,1
26.6,-0.1043,-0.6698,-0.2676,0.5267,-0.0033,0.8509,0.0939,0.1442,0.1625,1
26.62,-0.3949,-0.1924,-0.166,0.5281,-0.0053,0.8518,0.0947,0.1435,0.1587,1
26.64,-0.3364,0.6021,-0.0087,0.5278,-0.0035,0.8534,0.0953,0.1435,0.1498,1
26.66,-0.287,1.0908,-0.1975,0.5288,0.0016,0.8522,0.0945,0.1447,0.1419,1
26.68,-0.2541,1.0635,-0.2964,0.5286,0.0016,0.8505,0.0941,0.1448,0.1462,1
26.7,-0.1135,0.5052,0.0029,0.526,-0.0002,0.8489,0.094,0.1445,0.1567,1
26.72,-0.099,-0.2415,0.2329,0.5264,0.0002,0.8482,0.0936,0.1439,0.1668,1
26.74,-0.1798,-0.3472,0.315,0.5292,0.0004,0.8493,0.0943,0.144,0.172,1
26.76,-0.1976,0.0713,0.3057,0.5279,-0.001,0.8516,0.0941,0.1435,0.167,1
26.78,-0.0717,0.4384,0.1661,0.5238,-0.0065,0.8514,0.0941,0.1433,0.1574,1
26.8,0.1363,0.331,0.2231,0.5234,-0.0078,0.849,0.0932,0.1439,0.1565,1
26.82,0.1376,0.3902,0.2877,0.5234,-0.005,0.8497,0.0932,0.1444,0.1652,1
26.84,0.0322,0.3436,0.5441,0.5214,-0.0063,0.8488,0.0938,0.1445,0.1586,1
26.86,0.343,-0.4052,0.752,0.5271,-0.0011,0.851,0.0951,0.1446,0.1504,1
26.88,0.324,-0.6571,0.8063,0.5281,-0.007,0.8497,0.0958,0.1446,0.1576,1
26.9,-0.0097,-0.2232,0.5133,0.522,-0.0043,0.8487,0.0948,0.1446,0.1624,1
26.92,0.3223,0.2226,0.067,0.5243,-0.0122,0.851,0.0955,0.1427,0.1626,1
26.94,0.1063,0.25,-0.1203,0.5213,-0.0079,0.8523,0.0932,0.1432,0.1525,1
26.96,-0.02,0.5786,-0.2883,0.5239,-0.0061,0.8519,0.0944,0.1423,0.1426,1
26.98,-0.2066,0.5589,-0.3004,0.5251,-0.0007,0.8528,0.0948,0.1435,0.1551,1
27.0,-0.3584,0.5014,-0.2621,0.5173,0.0023,0.8548,0.0962,0.1437,0.1603,1
27.02,-0.7621,0.6387,-0.4362,0.5208,0.0014,0.8509,0.0951,0.1441,0.1539,1
27.04,-0.4033,0.3175,-0.7232,0.524,-0.0029,0.8516,0.0943,0.1445,0.1567,1
27.06,-0.041,-0.3831,-0.4013,0.5253,-0.0147,0.8479,0.0945,0.1436,0.1662,1
27.08,0.332,-0.3072,-0.1926,0.5255,-0.0085,0.8551,0.0967,0.1444,0.1522,1
27.1,-0.0272,-0.3399,-0.2301,0.5278,-0.007,0.8569,0.0966,0.1429,0.1512,1
27.12,0.0035,0.3626,0.1785,0.5218,0.0017,0.8497,0.0919,0.1442,0.1499,1
27.14,0.3008,0.5152,-0.054,0.5198,0.0018,0.8503,0.0947,0.1449,0.1492,1
27.16,0.2627,-0.262,-0.0417,0.5184,0.0029,0.8493,0.0969,0.1457,0.1449,1
27.18,0.276,-0.6183,-0.2871,0.5236,-0.0005,0.8507,0.0968,0.1432,0.1472,1
27.2,0.0695,-0.2108,-0.0622,0.5204,0.0,0.8467,0.0933,0.142,0.1724,1
27.22,0.054,-0.2295,0.0238,0.5278,0.0082,0.852,0.0944,0.1453,0.15,1
27.24,0.0442,-0.0341,0.2026,0.5277,0.004,0.8545,0.0954,0.1425,0.1394,1
27.26,0.1551,-0.2802,-0.0644,0.5296,0.0001,0.8486,0.0954,0.1422,0.1436,1
27.28,0.0904,-0.0066,-0.0174,0.5272,0.0052,0.8525,0.0948,0.1422,0.1576,1
27.3,-0.1088,0.0356,-0.0442,0.5303,0.0026,0.8485,0.0955,0.1451,0.1441,1
27.32,0.2592,0.0395,0.1699,0.5292,-0.0,0.8506,0.0964,0.1416,0.1504,1
27.34,0.1299,0.1673,0.2134,0.5266,0.0045,0.8451,0.0965,0.1422,0.1527,1
27.36,-0.4561,-0.8013,0.3698,0.5296,0.0031,0.853,0.0977,0.1439,0.1495,1
27.38,-0.5382,-0.534,0.6339,0.5294,0.0038,0.8475,0.097,0.1424,0.161,1
27.4,-0.8023,-0.4838,0.5934,0.5274,-0.0063,0.8503,0.0947,0.142,0.1564,1
27.42,-0.4674,-0.0252,0.1483,0.5264,-0.0084,0.8524,0.0947,0.1435,0.167,1
27.44,-0.2551,0.3942,0.0691,0.5245,-0.0053,0.8494,0.0969,0.1453,0.1647,1
27.46,-0.1384,0.4889,0.1019,0.5247,-0.0029,0.8454,0.0979,0.1439,0.1558,1
27.48,0.1233,0.1946,0.064,0.5191,-0.0003,0.8493,0.0972,0.1439,0.1562,1
27.5,-0.0005,-0.3802,-0.097,0.5199,-0.0005,0.8509,0.095,0.141,0.1577,1
27.52,-0.4347,-0.3618,0.2569,0.5221,0.0039,0.853,0.0972,0.141,0.1474,1
27.54,-0.3541,-0.1775,0.2601,0.5268,0.0067,0.8527,0.0961,0.1422,0.1483,1
27.56,-0.0756,0.239,0.1295,0.5273,0.006,0.8554,0.0957,0.1444,0.1466,1
27.58,-0.1815,0.3841,0.2289,0.5239,0.0052,0.8489,0.0948,0.1434,0.1651,1
27.6,-0.0993,0.547,0.2583,0.5242,0.0054,0.8476,0.0929,0.1443,0.1697,1
27.62,-0.3587,0.2994,0.2526,0.5291,-0.0018,0.8503,0.0938,0.1449,0.1502,1
27.64,-0.3,-0.1171,0.4939,0.5252,-0.0047,0.8478,0.0932,0.1441,0.1573,1
27.66,-0.6641,-0.2032,0.1826,0.5279,-0.0041,0.8537,0.0939,0.1436,0.1548,1
27.68,-0.6644,-0.1694,-0.2398,0.5257,-0.0077,0.8511,0.0943,0.1443,0.1501,1
27.7,-0.4229,-0.0368,-0.2469,0.5324,0.0053,0.8521,0.0933,0.1447,0.1656,1
27.72,0.0046,-0.0627,-0.0077,0.5337,0.0001,0.8511,0.0938,0.1443,0.1551,1
27.74,0.1863,-0.1112,0.0495,0.5371,-0.0065,0.8461,0.0939,0.1437,0.1561,1
27.76,0.3739,-0.3232,0.3053,0.5319,-0.0044,0.843,0.0942,0.1429,0.1522,1
27.78,0.4314,-0.2951,-0.0101,0.5252,0.0005,0.8453,0.0929,0.1446,0.1606,1
27.8,0.167,0.2378,-0.3349,0.5171,0.0021,0.8487,0.0914,0.1423,0.1559,1
27.82,0.0275,-0.4559,-0.2394,0.5229,0.0024,0.8515,0.0921,0.1421,0.1446,1
27.84,0.134,-0.4638,0.1271,0.5239,-0.0018,0.8507,0.0936,0.142,0.1476,1
27.86,0.066,-0.2321,0.5641,0.5292,0.0014,0.8465,0.0946,0.1444,0.1471,1
27.88,-0.0803,0.5187,0.1515,0.5302,0.0056,0.8481,0.0942,0.1426,0.1491,1
27.9,0.01,0.5132,-0.2652,0.5285,0.0051,0.8493,0.0936,0.144,0.1432,1
27.92,-0.1923,0.2049,-0.0673,0.5247,0.0031,0.8499,0.0934,0.1434,0.1468,1
27.94,-0.4384,-0.0314,0.0706,0.5258,0.0026,0.8469,0.0928,0.1434,0.1471,1
27.96,-0.4662,-0.0971,0.1402,0.52,0.0016,0.8489,0.0913,0.1433,0.1454,1
27.98,-0.5596,0.5219,-0.0641,0.519,-0.001,0.848,0.0923,0.1426,0.144,1
28.0,-0.4969,0.451,-0.0777,0.5227,0.0025,0.847,0.0921,0.145,0.137,1
28.02,0.1122,-0.1522,-0.0142,0.5311,-0.0024,0.8469,0.0922,0.1425,0.161,1
28.04,0.2536,0.2144,0.058,0.5282,-0.0035,0.8459,0.0921,0.1436,0.154,1
28.06,0.0403,0.3344,-0.1754,0.526,0.0033,0.8469,0.0913,0.145,0.1486,1
28.08,0.0914,0.014,-0.033,0.5265,0.0048,0.8472,0.091,0.1429,0.1425,1
28.1,0.3307,0.2051,-0.0477,0.5228,0.0085,0.8494,0.0911,0.1423,0.1403,1
28.12,-0.1117,0.5402,-0.0033,0.5245,0.0067,0.8509,0.0912,0.1438,0.1529,1
28.14,-0.0354,0.599,0.0799,0.5265,0.0025,0.8527,0.0932,0.145,0.1681,1
28.16,-0.1212,0.3154,0.1563,0.5274,0.0026,0.8527,0.091,0.145,0.1534,1
28.18,-0.3648,0.1952,-0.0816,0.529,0.0014,0.8483,0.0919,0.1441,0.1541,1
28.2,-0.0769,0.4668,0.2039,0.527,0.0034,0.8485,0.0928,0.1448,0.1357,1
28.22,-0.2776,0.3473,-0.0859,0.525,0.0037,0.8506,0.0924,0.145,0.1495,1
28.24,-0.1404,0.1019,-0.0908,0.5311,0.0019,0.8466,0.0938,0.1445,0.1511,1
28.26,-0.1053,0.0171,0.094,0.529,-0.0003,0.8448,0.0932,0.145,0.1393,1
28.28,-0.2924,0.4105,0.1309,0.526,0.0003,0.8488,0.0947,0.1441,0.159,1
28.3,-0.5113,0.4422,0.2502,0.5234,0.0027,0.8523,0.0938,0.1448,0.1562,1
28.32,-0.4757,0.2699,-0.0715,0.5264,-0.0041,0.8513,0.0934,0.1449,0.1548,1
28.34,-0.2637,0.4597,0.3375,0.5278,-0.0014,0.8558,0.0936,0.1444,0.1519,1
28.36,0.221,0.316,0.3941,0.5258,-0.0005,0.8562,0.0941,0.1442,0.1636,1
28.38,0.4144,0.1929,0.3327,0.5228,-0.0014,0.852,0.0944,0.1437,0.1699,1
28.4,0.2386,0.1735,0.425,0.5234,0.0008,0.8518,0.0942,0.1447,0.1603,1
28.42,0.006,0.7386,0.2179,0.5154,-0.0013,0.851,0.0929,0.1445,0.1521,1
28.44,-0.0161,0.5677,0.0473,0.5215,-0.001,0.8503,0.0941,0.1446,0.1611,1
28.46,-0.1544,0.4601,0.1254,0.5162,0.0113,0.85,0.0943,0.1435,0.1586,1
28.48,0.0389,0.1266,0.1203,0.5182,0.005,0.8502,0.0943,0.1449,0.1498,1
28.5,-0.0666,0.0722,0.4587,0.5229,0.004,0.8529,0.0943,0.1452,0.1649,1
28.52,-0.1955,0.2833,0.3876,0.5262,0.0069,0.8481,0.0954,0.1439,0.1493,1
28.54,-0.6509,-0.3013,0.263,0.5265,0.0006,0.849,0.0946,0.1444,0.1512,1
28.56,-0.6507,-0.582,0.6204,0.5299,0.0039,0.8494,0.0954,0.1421,0.1542,1
28.58,-0.1465,0.005,0.4093,0.5254,0.0066,0.8525,0.0937,0.1438,0.1678,1
28.6,-0.4972,0.3618,0.3659,0.5319,-0.001,0.8493,0.0937,0.1434,0.1596,1
28.62,-0.4512,0.3125,0.2815,0.5264,-0.0019,0.85,0.0943,0.1447,0.1588,1
28.64,-0.7519,-0.1396,0.6204,0.5223,0.0018,0.8502,0.0944,0.1435,0.1553,1
28.66,-0.4887,-0.2157,0.4522,0.5276,0.0048,0.8493,0.0948,0.1445,0.147,1
28.68,-0.1045,-0.0092,0.4961,0.5296,-0.0045,0.8502,0.0932,0.1413,0.161,1
28.7,-0.2632,0.8882,0.4254,0.517,0.0,0.8525,0.0933,0.1436,0.1454,1
28.72,0.0894,0.3919,0.3927,0.5205,-0.0007,0.8535,0.0953,0.1444,0.1509,1
28.74,-0.0622,0.272,0.4058,0.5277,0.0001,0.8532,0.0958,0.1439,0.1397,1
28.76,-0.4127,0.2221,0.5702,0.5194,0.0024,0.8559,0.095,0.1447,0.1562,1
28.78,-0.3936,0.5323,0.495,0.5183,-0.0032,0.8499,0.0924,0.145,0.1691,1
28.8,-0.4586,-0.1429,0.2338,0.5247,0.0244,0.8515,0.0929,0.1423,0.0897,1
28.82,-0.8131,-0.24,0.2412,0.5197,0.0292,0.856,0.0933,0.1411,0.0857,1
28.84,-0.2236,0.3373,0.3256,0.5269,0.0217,0.8509,0.0918,0.1422,0.0667,1
28.86,-0.2136,0.3174,0.31,0.5231,0.0208,0.8574,0.0945,0.1427,0.0818,1
28.88,-0.1623,0.5609,-0.1931,0.5218,0.0266,0.8555,0.0923,0.1429,0.0914,1
28.9,0.3625,-0.2458,0.3854,0.5197,0.0266,0.8547,0.0934,0.1426,0.0878,1
28.92,0.4227,-0.5787,0.5665,0.5219,0.0172,0.8535,0.092,0.1426,0.0709,1
28.94,0.1251,0.3083,0.647,0.5219,0.0212,0.8521,0.092,0.1426,0.0758,1
28.96,-0.3277,0.2272,0.2415,0.5162,0.0247,0.8487,0.0926,0.1426,0.0882,1
28.98,-0.1553,-0.0108,-0.3126,0.5159,0.0212,0.8517,0.0921,0.1433,0.0865,1
29.0,-0.1004,0.2075,-0.4134,0.519,0.0124,0.8572,0.093,0.1417,0.0872,1
29.02,-0.1058,0.379,-0.1293,0.5193,0.0225,0.8516,0.094,0.1424,0.0792,1
29.04,-0.1644,0.3477,0.0214,0.5194,0.0245,0.845,0.0938,0.1428,0.0741,1
29.06,0.0998,0.015,0.0248,0.5242,0.0316,0.8553,0.093,0.1422,0.0571,1
29.08,-0.4581,0.0943,0.1244,0.5196,0.0357,0.8569,0.092,0.1425,0.0822,1
29.1,0.0611,0.1644,0.2947,0.5165,0.0286,0.8547,0.0928,0.1424,0.07,1
29.12,-0.0617,-0.2365,0.4595,0.5278,0.024,0.8532,0.0936,0.1417,0.0645,1
29.14,-0.2632,-0.3124,0.2038,0.5204,0.0286,0.8494,0.0919,0.1418,0.0788,1
29.16,-0.7008,-0.2352,-0.1372,0.5226,0.0211,0.8519,0.0926,0.1417,0.0946,1
29.18,-0.3456,-0.1065,-0.0373,0.5253,0.0201,0.8494,0.0924,0.1428,0.0561,1
29.2,-0.2367,0.8451,-0.0923,0.5262,0.0218,0.843,0.0935,0.1434,0.067,1
29.22,-0.3697,0.1214,-0.2193,0.5233,0.023,0.8489,0.0941,0.1424,0.0788,1
29.24,-0.0713,-0.2868,-0.1234,0.5243,0.0266,0.8518,0.0943,0.1427,0.0794,1
29.26,0.0901,-0.6553,-0.0201,0.5244,0.024,0.8539,0.0938,0.1421,0.0812,1
29.28,0.0085,0.0094,0.6443,0.5143,0.025,0.8606,0.0934,0.141,0.0949,1
29.3,0.0702,0.3,1.0148,0.5152,0.0228,0.8532,0.0931,0.1421,0.0784,1
29.32,0.0814,0.3497,0.5247,0.5159,0.0204,0.8485,0.0943,0.1429,0.1084,1
29.34,-0.3202,-0.2625,0.7475,0.513,0.0302,0.8462,0.0936,0.1429,0.0869,1
29.36,-0.2811,-0.4171,0.8101,0.5216,0.0302,0.8495,0.0935,0.1409,0.087,1
29.38,0.0796,-0.0735,0.8421,0.5276,0.0244,0.8483,0.0932,0.1409,0.0888,1
29.4,-0.2255,-0.0001,0.3518,0.5266,0.0237,0.8464,0.0928,0.1409,0.0775,1
29.42,-0.5261,-0.0489,-0.2782,0.5195,0.0286,0.8531,0.0927,0.1418,0.0826,1
29.44,-0.6299,0.1983,-0.0842,0.5176,0.0267,0.8546,0.0936,0.1416,0.0773,1
29.46,-0.1559,0.2837,-0.1682,0.5199,0.0222,0.8519,0.093,0.1413,0.0564,1
29.48,0.2072,0.0093,-0.1955,0.5199,0.0222,0.8484,0.0922,0.1415,0.0636,1
29.5,-0.0482,-0.4186,-0.4022,0.5202,0.0212,0.8527,0.0924,0.1418,0.0687,1
29.52,-0.1346,-0.3139,-0.0551,0.5148,0.0221,0.8545,0.0923,0.1421,0.0786,1
29.54,-0.1004,-0.4119,0.1976,0.5177,0.03,0.851,0.0932,0.1418,0.0846,1
29.56,0.2381,-0.4137,0.4451,0.5242,0.0294,0.8466,0.0926,0.1414,0.0752,1
29.58,0.1026,0.0243,0.5274,0.5243,0.0245,0.8456,0.0929,0.1415,0.0437,1
29.6,-0.1715,0.4453,0.5484,0.5242,0.0267,0.8503,0.0929,0.1426,0.0,1
29.62,-0.3678,0.5688,0.6532,0.5226,0.0278,0.8508,0.0926,0.1425,0.0,1
29.64,-0.3997,0.5237,0.4221,0.5237,0.0239,0.8449,0.0936,0.1416,0.0,1
29.66,-0.3053,0.1189,-0.172,0.5227,0.0256,0.8448,0.0922,0.1411,0.0037,1
29.68,-0.3697,-0.2294,-0.2006,0.5224,0.0288,0.8517,0.092,0.1418,0.0184,1
29.7,-0.2195,-0.5853,0.427,0.5249,0.0224,0.8544,0.0917,0.1423,0.0529,1
29.72,0.055,-0.5749,0.7395,0.5262,0.0169,0.8468,0.0915,0.1422,0.0741,1
29.74,0.0561,-0.4546,0.4063,0.529,0.0227,0.8432,0.0916,0.1428,0.0875,1
29.76,-0.083,0.0314,0.025,0.5224,0.026,0.8472,0.0916,0.1426,0.0959,1
29.78,-0.283,0.4989,0.1047,0.5146,0.029,0.8516,0.0935,0.142,0.0877,1
29.8,-0.2909,0.2266,0.3427,0.5131,0.029,0.8516,0.0928,0.1427,0.084,1
29.82,-0.2173,0.0867,0.5409,0.519,0.0257,0.849,0.092,0.1433,0.0791,1
29.84,-0.1971,0.1079,0.2752,0.5217,0.0215,0.8495,0.0932,0.1424,0.0703,1
29.86,-0.3147,0.1776,0.0561,0.5203,0.028,0.8519,0.0932,0.1425,0.08,1
29.88,-0.3769,0.222,0.1065,0.5209,0.0268,0.8527,0.0927,0.1432,0.0703,1
29.9,-0.1187,0.2824,-0.2016,0.5242,0.0246,0.8495,0.0921,0.1423,0.0792,1
29.92,0.0557,0.1435,-0.0073,0.5238,0.0248,0.8492,0.0906,0.1435,0.081,1
29.94,0.2621,0.5874,0.1667,0.5227,0.0221,0.8481,0.0917,0.1431,0.0746,1
29.96,0.2886,-0.0909,0.3672,0.5177,0.0253,0.8518,0.0928,0.1426,0.0746,1
29.98,-0.0358,0.1172,0.2028,0.5208,0.0314,0.8511,0.0938,0.1423,0.0676,1
30.0,0.0185,-0.1187,0.3109,0.5255,0.0328,0.8453,0.0934,0.1434,0.0651,1
30.02,0.2457,-0.4075,0.1034,0.5269,0.0361,0.8455,0.0927,0.1432,0.0826,1
30.04,-0.0672,-0.1571,0.2538,0.5266,0.0367,0.8548,0.0922,0.1416,0.084,1
30.06,0.0093,0.572,0.5275,0.526,0.0316,0.844,0.0935,0.1435,0.0939,1
30.08,-0.0508,0.5406,0.6898,0.5254,0.0253,0.8465,0.0918,0.1425,0.0854,1
30.1,-0.5517,-0.5441,0.6545,0.5244,0.0231,0.8447,0.0924,0.1423,0.0919,1
30.12,-1.2131,-0.9444,0.3696,0.5148,0.0242,0.8522,0.0933,0.1418,0.0646,1
30.14,-0.2382,-0.7923,0.2931,0.517,0.0188,0.856,0.0918,0.1424,0.0747,1
30.16,0.0321,-0.5713,0.4184,0.5267,0.0271,0.8589,0.0919,0.1428,0.0818,1
30.18,0.4058,0.4001,0.3954,0.5265,0.0238,0.8518,0.0947,0.1419,0.0761,1
30.2,0.0518,-0.1834,0.2584,0.5244,0.0336,0.8501,0.0931,0.1433,0.0772,1
30.22,-0.148,-0.4229,0.5086,0.5254,0.0227,0.8504,0.0935,0.1421,0.0652,1
30.24,-0.4817,-0.033,0.5928,0.5284,0.0197,0.8493,0.0957,0.141,0.0539,1
30.26,-0.3939,0.4146,0.4751,0.5304,0.0238,0.8407,0.0931,0.1412,0.0705,1
30.28,-0.7873,0.2631,0.4125,0.5226,0.0208,0.8507,0.0916,0.1415,0.0881,1
30.3,-0.6747,0.3002,0.383,0.5185,0.0307,0.8491,0.0932,0.1424,0.0607,1
30.32,-0.6194,0.1556,0.5162,0.5215,0.0271,0.849,0.0932,0.1416,0.0665,1
30.34,-0.2174,0.4582,0.2601,0.5248,0.0221,0.8451,0.092,0.1426,0.0768,1
30.36,-0.4961,0.2976,-0.0356,0.524,0.0241,0.8431,0.092,0.1414,0.0824,1
30.38,-0.2478,-0.2252,-0.2792,0.5235,0.0246,0.8529,0.093,0.1408,0.0782,1
30.4,-0.2318,-0.0971,0.149,0.5253,0.0277,0.8595,0.093,0.1435,0.0843,1
30.42,-0.2453,0.0054,0.6415,0.5273,0.0226,0.849,0.0935,0.1405,0.0961,1
30.44,-0.2468,0.0316,0.4041,0.5297,0.0196,0.845,0.0927,0.1409,0.0802,1
30.46,-0.3944,0.2017,0.3385,0.5252,0.0204,0.8482,0.0928,0.1403,0.0791,1
30.48,-0.2816,0.1719,0.0974,0.5203,0.0215,0.8489,0.0926,0.1415,0.0849,1
30.5,0.1792,-0.0299,0.0827,0.5229,0.0201,0.8489,0.0934,0.1421,0.0747,1
30.52,0.104,0.032,0.1017,0.5225,0.015,0.8554,0.093,0.1413,0.0781,1
30.54,0.227,-0.0951,-0.1811,0.523,0.0218,0.8554,0.0924,0.1404,0.0783,1
30.56,0.3975,-0.0825,-0.4172,0.5224,0.0284,0.8547,0.0919,0.1417,0.0725,1
30.58,0.1838,0.0001,-0.3243,0.5252,0.025,0.8509,0.0922,0.1438,0.0654,1
30.6,0.0374,0.5924,-0.0823,0.5281,0.0269,0.8473,0.0924,0.1427,0.067,1
30.62,-0.2929,1.8188,-0.1081,0.522,0.0261,0.8499,0.0922,0.1431,0.07,1
30.64,-0.271,1.759,-0.2555,0.5051,0.0287,0.8534,0.0935,0.1419,0.0801,1
30.66,-0.1291,-0.1794,-0.1741,0.5066,0.0228,0.8526,0.0935,0.1427,0.0777,1
30.68,-0.4277,-1.7614,-0.0281,0.5207,0.0238,0.8488,0.0926,0.1428,0.0698,1
30.7,-0.6045,-1.9127,-0.0589,0.5313,0.0262,0.8498,0.0926,0.142,0.0698,1
30.72,-0.0621,-0.8698,-0.1952,0.5283,0.0193,0.8539,0.0922,0.1433,0.0683,1
30.74,0.107,-0.2857,-0.0694,0.523,0.0229,0.8542,0.0925,0.1418,0.0826,1
30.76,0.2546,-0.1248,0.4571,0.525,0.0275,0.8492,0.093,0.1411,0.0683,1
30.78,0.3314,0.186,0.4514,0.5303,0.0306,0.847,0.0939,0.1418,0.0611,1
30.8,0.2967,0.9318,0.0812,0.5199,0.0315,0.845,0.094,0.1399,0.0695,1
30.82,0.4575,0.4655,0.2359,0.5139,0.0307,0.8461,0.0929,0.1422,0.106,1
30.84,0.345,0.3781,0.2846,0.533,0.0222,0.8491,0.0915,0.141,0.0968,1
30.86,-0.1391,0.7259,0.3693,0.5283,0.0231,0.8454,0.0928,0.1399,0.0749,1
30.88,0.1207,-0.0383,0.3546,0.5293,0.0241,0.8453,0.0939,0.1391,0.0953,1
30.9,0.0707,-1.2808,-0.3624,0.5217,0.0314,0.8526,0.0926,0.1407,0.077,1
30.92,-0.059,-0.7293,-0.1077,0.5271,0.0365,0.8478,0.0923,0.1411,0.0605,1
30.94,-0.2047,0.3784,-0.1162,0.5287,0.0266,0.8486,0.0931,0.1398,0.0792,1
30.96,-0.5762,-0.2063,0.1287,0.5306,0.0264,0.8445,0.0932,0.1417,0.0662,1
30.98,-0.8744,-0.1404,0.2639,0.5228,0.0207,0.848,0.0931,0.14,0.0585,1
31.0,-0.3258,-0.4409,0.3193,0.5205,0.0289,0.8523,0.0945,0.1399,0.0609,1
31.02,-0.1048,0.188,-0.0049,0.5313,0.0183,0.8441,0.0927,0.1425,0.0693,1
31.04,0.1867,1.2082,0.015,0.5297,0.0204,0.8442,0.0942,0.1416,0.0786,1
31.06,0.075,0.7636,0.3962,0.5222,0.0311,0.8498,0.0935,0.1416,0.0718,1
31.08,0.3095,-0.4531,0.5707,0.5172,0.0223,0.8555,0.0927,0.1426,0.0708,1
31.1,0.1775,-0.4318,0.5677,0.5221,0.0248,0.8577,0.093,0.1431,0.0648,1
31.12,-0.0756,0.4516,0.4877,0.5264,0.0232,0.8514,0.0939,0.1434,0.0747,1
31.14,-0.1897,0.6153,0.3092,0.5213,0.0208,0.8446,0.0922,0.1429,0.0707,1
31.16,0.1065,0.584,0.2159,0.5222,0.025,0.8409,0.093,0.1436,0.058,1
31.18,0.0534,0.0968,0.3019,0.5224,0.0193,0.8421,0.0936,0.1429,0.0734,1
31.2,0.0417,-0.3737,0.2666,0.5275,0.0188,0.849,0.094,0.1434,0.0804,1
31.22,-0.0629,0.0182,-0.0064,0.5282,0.0232,0.8524,0.0919,0.1434,0.0772,1
31.24,0.0117,0.5398,-0.3314,0.5252,0.0246,0.8492,0.0913,0.1426,0.0857,1
31.26,-0.0888,0.6646,-0.2951,0.5282,0.0229,0.8473,0.0925,0.1425,0.0809,1
31.28,-0.3365,0.3807,-0.0528,0.5275,0.0247,0.8423,0.0928,0.1427,0.0957,1
31.3,-0.2574,0.2274,-0.1335,0.5281,0.0273,0.8417,0.0933,0.1423,0.0974,1
31.32,-0.0649,0.6665,-0.2368,0.5269,0.0244,0.8484,0.0917,0.143,0.0865,1
31.34,0.1057,1.305,-0.1757,0.5264,0.0215,0.8488,0.092,0.1417,0.0628,1
31.36,-0.2983,0.8876,-0.0956,0.5241,0.0252,0.8495,0.0926,0.1413,0.0633,1
31.38,-1.0984,0.2821,-0.3589,0.5215,0.0289,0.8526,0.0913,0.14,0.0878,1
31.4,-1.2223,-0.1548,-0.6175,0.5232,0.0284,0.8529,0.0907,0.1401,0.0834,1
31.42,-1.6805,0.6211,-0.5271,0.5266,0.0256,0.8477,0.0902,0.1406,0.0786,1
31.44,-1.5479,0.6501,-0.234,0.5243,0.0262,0.8461,0.0852,0.1405,0.0736,1
31.46,-1.4691,0.0726,0.2177,0.5254,0.0307,0.8474,0.0852,0.1397,0.0778,1
31.48,-0.9851,-0.362,0.5735,0.5159,0.0269,0.849,0.0872,0.1409,0.0561,1
31.5,-0.27,-0.6073,0.8432,0.5283,0.0191,0.8502,0.0851,0.1392,0.0912,1
31.52,-0.4633,-0.2541,0.3948,0.5219,0.022,0.8477,0.0857,0.14,0.0713,1
31.54,-0.9536,-0.0854,0.5148,0.5273,0.0309,0.8554,0.0873,0.1409,0.0761,1
31.56,-1.0538,0.1328,0.5132,0.5179,0.0272,0.8539,0.0855,0.1406,0.0658,1
31.58,-1.58,0.0807,0.4462,0.5235,0.0224,0.8498,0.086,0.141,0.0769,1
31.6,-1.7309,-0.2426,0.6323,0.5194,0.0231,0.8467,0.0863,0.1401,0.078,1
31.62,-1.0598,-0.6191,0.4928,0.5228,0.0197,0.8477,0.0851,0.141,0.0737,1
31.64,-0.9363,-0.4486,0.4302,0.5307,0.0151,0.846,0.0863,0.1396,0.0445,1
31.66,-0.7137,-0.0294,0.3662,0.5286,0.0181,0.8456,0.0845,0.1406,0.0089,1
31.68,-0.1727,-0.3987,0.593,0.5298,0.0193,0.8503,0.0815,0.1415,0.0086,1
31.7,-0.1444,-0.8847,0.8701,0.5298,0.0185,0.8515,0.0776,0.1416,0.0115,1
31.72,0.0544,-1.1052,1.1267,0.528,0.0153,0.8479,0.077,0.1412,0.0145,1
31.74,0.6355,-1.2342,1.1671,0.5274,0.0155,0.8442,0.0773,0.1423,0.0093,1
31.76,1.0778,-1.0659,1.0407,0.5296,0.0166,0.8437,0.0797,0.1425,0.0075,1
31.78,1.6867,-1.0887,0.8,0.5309,0.0137,0.8395,0.0812,0.1424,0.0033,1
31.8,2.2794,-0.9297,0.5942,0.527,0.009,0.8425,0.0831,0.1419,0.0025,1
31.82,1.9275,-0.7526,0.8422,0.5264,0.0149,0.846,0.0834,0.1415,0.005,1
31.84,1.2314,-1.1079,0.8227,0.5286,0.0195,0.8442,0.0827,0.1419,0.0088,1
31.86,1.0641,-1.2376,0.3817,0.5346,0.0179,0.8437,0.0825,0.142,0.0133,1
31.88,0.2218,-0.54,-0.3423,0.5356,0.0235,0.8464,0.0817,0.1436,0.0226,1
31.9,-0.5905,0.0639,-0.1092,0.5301,0.029,0.8476,0.083,0.1425,0.0295,1
31.92,-0.7675,0.3598,0.0848,0.5247,0.027,0.8522,0.0838,0.1413,0.0204,1
31.94,-0.6604,0.5036,-0.1611,0.5216,0.0237,0.8535,0.0828,0.1416,0.006,1
31.96,-1.1134,-0.1877,-0.6647,0.5192,0.0259,0.8476,0.0835,0.1415,0.036,1
31.98,-1.004,-0.5839,-0.9334,0.5275,0.0257,0.8451,0.0841,0.143,0.0163,1
32.0,-0.4754,0.5344,-0.4805,0.5307,0.0225,0.8428,0.0846,0.1412,0.0164,1
32.02,-0.575,0.5365,-0.1633,0.5301,0.0227,0.8405,0.0844,0.1424,0.0172,1
32.04,-0.6651,-0.1504,0.0977,0.536,0.022,0.845,0.0843,0.142,0.0,1
32.06,-0.4865,-0.0785,0.1695,0.538,0.0221,0.8443,0.0853,0.1411,0.0271,1
32.08,-0.4129,0.1759,0.348,0.5291,0.02,0.8432,0.0868,0.1439,0.0193,1
32.1,0.7675,0.1732,-0.0242,0.5243,0.0163,0.8499,0.0877,0.1423,0.0102,1
32.12,0.7359,0.4032,0.0516,0.5287,0.0194,0.8483,0.0876,0.1421,0.0064,1
32.14,0.5511,0.1564,0.6648,0.5291,0.0219,0.8399,0.0883,0.1421,0.0127,1
32.16,0.4745,0.0202,0.3578,0.5355,0.0237,0.8403,0.0913,0.1417,0.019,1
32.18,0.6163,0.5405,0.0196,0.5353,0.0216,0.8416,0.092,0.1415,0.0297,1
32.2,0.4713,0.5786,0.3022,0.5329,0.0224,0.8374,0.0913,0.1416,0.0291,1
32.22,0.3929,0.5957,0.3813,0.5304,0.0188,0.843,0.0918,0.1418,0.0186,1
32.24,0.0868,0.2263,0.1691,0.5268,0.0213,0.8497,0.0924,0.1415,0.0149,1
32.26,-0.5805,0.4415,-0.0433,0.525,0.0281,0.8523,0.0926,0.1423,0.0153,1
32.28,-0.7582,0.4097,-0.2079,0.5257,0.0337,0.8496,0.0923,0.1422,0.0193,1
32.3,-0.4276,0.0586,-0.2464,0.5287,0.0259,0.8462,0.0927,0.1422,0.0296,1
32.32,-0.334,0.1426,-0.1428,0.5296,0.0205,0.8468,0.0927,0.1426,0.0537,1
32.34,-0.2906,0.6422,0.0576,0.5286,0.0179,0.844,0.0933,0.1428,0.0828,1
32.36,-0.2224,1.1367,0.0534,0.5306,0.0256,0.8468,0.0932,0.1419,0.0796,1
32.38,-0.0956,0.9496,-0.0444,0.5284,0.0213,0.8476,0.0938,0.1433,0.0641,1
32.4,0.2002,0.7564,0.0634,0.5255,0.0205,0.8516,0.0925,0.1407,0.081,1
32.42,-0.0326,0.8681,0.038,0.5206,0.0197,0.8569,0.093,0.1419,0.0728,1
32.44,-0.2344,0.5941,0.1042,0.5267,0.0237,0.8478,0.0948,0.1426,0.0692,1
32.46,0.0612,0.0179,0.211,0.5235,0.0256,0.8473,0.0902,0.143,0.0633,1
32.48,0.1833,-0.3237,0.0449,0.5311,0.0285,0.8483,0.0927,0.1405,0.0784,1
32.5,0.0773,-0.022,0.2883,0.5237,0.0296,0.8496,0.0938,0.1443,0.0612,1
32.52,0.239,0.5938,0.1954,0.5249,0.0283,0.8521,0.0912,0.1431,0.0859,1
32.54,-0.2783,0.8447,0.2653,0.525,0.0287,0.8481,0.0931,0.1424,0.0733,1
32.56,-0.598,0.4064,0.2452,0.5197,0.0221,0.8486,0.0928,0.1432,0.087,1
32.58,-0.8522,-0.2675,0.1318,0.5177,0.0276,0.8507,0.0929,0.1428,0.0992,1
32.6,-0.6166,-0.6919,0.3332,0.5278,0.0216,0.8427,0.0919,0.144,0.0915,1
32.62,-0.2496,-0.8325,0.0829,0.5293,0.0232,0.8471,0.0936,0.1431,0.0845,1
32.64,-0.2369,-0.4668,0.2155,0.5233,0.0256,0.8507,0.093,0.1423,0.0797,1
32.66,0.3085,-0.1551,0.3669,0.5218,0.0323,0.8554,0.094,0.1425,0.0789,1
32.68,0.3754,0.2989,0.2751,0.5244,0.02,0.8521,0.0931,0.1426,0.0817,1
32.7,0.2948,0.1266,0.0874,0.5279,0.0162,0.8501,0.0936,0.1417,0.0807,1
32.72,0.332,-0.1935,-0.0456,0.5265,0.0253,0.8501,0.095,0.1426,0.076,1
32.74,0.1315,0.1661,0.0662,0.5267,0.0304,0.8505,0.0937,0.1434,0.0866,1
32.76,-0.1244,0.5846,0.2164,0.5277,0.0301,0.8449,0.0927,0.1428,0.0807,1
32.78,-0.2129,0.402,0.1618,0.5275,0.0297,0.8445,0.0936,0.1398,0.0874,1
32.8,-0.469,-0.3082,0.3048,0.5271,0.0257,0.8507,0.0937,0.1413,0.0721,1
32.82,-0.497,-0.5341,0.1495,0.5283,0.0265,0.8502,0.0927,0.1435,0.0648,1
32.84,-0.251,-0.0934,0.3855,0.5348,0.0202,0.8469,0.0932,0.1422,0.0869,1
32.86,-0.4127,0.4048,0.4185,0.5263,0.0258,0.8478,0.0923,0.1401,0.0826,1
32.88,-0.1254,-0.2784,0.2546,0.5251,0.0235,0.8482,0.0932,0.1401,0.0918,1
32.9,-0.0232,-0.5209,0.1359,0.5234,0.0188,0.851,0.0938,0.143,0.0989,1
32.92,0.2431,-0.2293,-0.087,0.53,0.0243,0.8445,0.0922,0.1437,0.0905,1
32.94,-0.2355,-0.6256,0.0016,0.5247,0.0142,0.8487,0.0915,0.1406,0.0667,1
32.96,-0.2008,-0.4239,-0.3831,0.5274,0.0217,0.8522,0.093,0.143,0.062,1
32.98,-0.4567,0.0,-0.3363,0.5232,0.0296,0.8514,0.0922,0.142,0.0714,1
33.0,-0.4614,-0.2568,-0.269,0.5254,0.0291,0.8485,0.0926,0.1421,0.0734,1
33.02,-0.1727,-0.577,0.2625,0.5318,0.0244,0.845,0.0943,0.1422,0.0646,1
33.04,-0.3794,-0.2682,0.6478,0.5329,0.0249,0.8496,0.0927,0.141,0.0835,1
33.06,-0.6134,0.6563,0.6691,0.5279,0.0263,0.85,0.0928,0.1428,0.078,1
33.08,-0.1624,1.6412,0.4814,0.5273,0.0215,0.8486,0.0927,0.1426,0.0813,1
33.1,0.1199,1.3804,0.1882,0.5244,0.0218,0.8464,0.0923,0.1429,0.081,1
33.12,0.0789,0.3706,0.4065,0.5225,0.0277,0.8484,0.0932,0.1424,0.0768,1
33.14,0.1383,-0.4403,0.5549,0.5225,0.0265,0.8481,0.0931,0.1414,0.0706,1
33.16,0.1516,-0.437,0.561,0.5253,0.0273,0.8444,0.0935,0.141,0.0753,1
33.18,0.1702,0.1577,0.5005,0.5317,0.0271,0.8474,0.0917,0.1407,0.0831,1
33.2,0.0425,0.4437,0.3629,0.5304,0.0275,0.8473,0.0937,0.1408,0.0712,1
33.22,-0.1858,0.3804,0.1988,0.529,0.0218,0.8449,0.0936,0.1415,0.066,1
33.24,0.032,0.0644,0.2625,0.527,0.0192,0.8466,0.0932,0.1428,0.0794,1
33.26,-0.1422,0.2039,-0.1391,0.5273,0.018,0.8474,0.0927,0.1406,0.0732,1
33.28,-0.6191,0.316,-0.2158,0.5292,0.0256,0.8507,0.0926,0.1427,0.0766,1
33.3,-0.5143,-0.206,-0.1356,0.5278,0.0274,0.8469,0.094,0.1431,0.0936,1
33.32,0.1063,-0.7316,-0.3941,0.5282,0.0194,0.8411,0.0931,0.1403,0.0915,1
33.34,-0.2148,-1.4751,0.1703,0.5316,0.0255,0.8393,0.0934,0.1401,0.0865,1
33.36,0.0495,-0.1621,0.167,0.5301,0.025,0.8435,0.0928,0.1401,0.0747,1
33.38,-0.3095,-0.3456,0.1066,0.527,0.0252,0.8479,0.0944,0.1417,0.0831,1
33.4,-0.2019,0.2805,0.268,0.5258,0.0272,0.8504,0.093,0.1423,0.0715,1
33.42,-0.1557,0.7369,0.0765,0.5203,0.0251,0.8502,0.0942,0.1395,0.0675,1
33.44,-0.2195,-0.2536,-0.1098,0.5207,0.0201,0.843,0.0933,0.1401,0.0716,1
33.46,-0.2866,-0.5202,-0.3287,0.5263,0.0204,0.8474,0.0933,0.1421,0.0889,1
33.48,0.1623,0.0443,-0.618,0.5281,0.0201,0.85,0.0947,0.1424,0.078,1
33.5,0.3202,0.1511,-0.5927,0.531,0.027,0.8474,0.0938,0.142,0.0683,1
33.52,0.3282,0.0948,-0.1457,0.5332,0.0379,0.8508,0.0937,0.1418,0.0743,1
33.54,0.4689,-0.0066,0.2491,0.5313,0.039,0.8468,0.0948,0.1424,0.0961,1
33.56,0.1883,-0.117,0.4138,0.5276,0.0308,0.8483,0.0939,0.1425,0.0818,1
33.58,-0.5159,0.2143,0.395,0.5249,0.0235,0.8514,0.0922,0.1419,0.0751,1
33.6,-0.6635,-0.3218,0.5837,0.5232,0.0276,0.8482,0.0926,0.1423,0.0772,1
33.62,-0.7543,-0.0262,0.7838,0.527,0.0281,0.8471,0.0932,0.1417,0.07,1
33.64,-0.769,0.1479,0.5698,0.5298,0.0277,0.8495,0.0931,0.1416,0.0822,1
33.66,-0.3205,0.0475,0.4425,0.5284,0.0235,0.8496,0.0939,0.1418,0.0744,1
33.68,-0.2997,0.0092,0.2109,0.5269,0.0241,0.8444,0.0939,0.141,0.0725,1
33.7,-0.4264,0.4057,0.0557,0.5224,0.0359,0.8463,0.0943,0.1424,0.0784,1
33.72,-0.167,0.3147,-0.381,0.5256,0.0294,0.8444,0.0915,0.1422,0.0738,1
33.74,-0.2269,-0.103,-0.148,0.5281,0.0372,0.8457,0.0938,0.1426,0.0959,1
33.76,0.1435,-0.4026,0.3958,0.5251,0.0248,0.8475,0.0928,0.1419,0.0901,1
33.78,0.1172,-0.2699,1.0109,0.5275,0.0242,0.8436,0.0931,0.1431,0.0924,1
33.8,-0.0622,-0.4838,0.3174,0.5262,0.0198,0.8447,0.0937,0.1423,0.0521,1
33.82,-0.2992,-0.3478,0.4592,0.5252,0.0207,0.8453,0.0933,0.141,0.0818,1
33.84,-0.4629,-0.7037,0.392,0.5224,0.0245,0.8447,0.0942,0.1405,0.0726,1
33.86,-0.0891,-0.0626,0.4947,0.5259,0.0175,0.8509,0.0936,0.1404,0.075,1
33.88,-0.1191,0.4585,0.2054,0.5261,0.0179,0.8482,0.0933,0.1413,0.0651,1
33.9,-0.257,0.3221,0.0461,0.5277,0.0256,0.8463,0.0921,0.1424,0.0716,1
33.92,-0.2744,0.5764,0.225,0.5296,0.0301,0.8468,0.0927,0.1431,0.0757,1
33.94,-0.0467,0.1948,0.4223,0.5262,0.0277,0.8489,0.0931,0.1421,0.0767,1
33.96,0.0623,-0.4575,0.4317,0.5329,0.0299,0.8497,0.0927,0.1427,0.0865,1
33.98,-0.3902,-0.091,-0.0004,0.5287,0.0337,0.8473,0.092,0.1418,0.0778,1
34.0,-0.4184,0.0877,-0.1268,0.5261,0.0237,0.8478,0.0924,0.1421,0.0845,1
34.02,-0.1658,-0.0577,-0.0153,0.5283,0.0162,0.8484,0.0927,0.1418,0.0847,1
34.04,0.2426,-0.2186,0.2474,0.5264,0.0221,0.8431,0.0937,0.1445,0.0798,1
34.06,0.3261,-0.8857,0.199,0.5298,0.0211,0.8433,0.0917,0.1408,0.0785,1
34.08,0.2366,-0.6038,0.1058,0.5299,0.019,0.8502,0.0928,0.1423,0.1025,1
34.1,-0.2121,-0.0533,0.446,0.5243,0.0358,0.8495,0.092,0.1431,0.0706,1
34.12,0.0438,0.7099,0.246,0.5287,0.0241,0.8502,0.0946,0.1434,0.0725,1
34.14,-0.4745,0.8611,-0.0286,0.5295,0.0255,0.8492,0.0937,0.1418,0.0951,1
34.16,-0.6799,0.606,-0.1592,0.5225,0.0258,0.8418,0.0934,0.1422,0.0865,1
34.18,-0.243,-0.2376,0.2078,0.5255,0.0272,0.8479,0.0934,0.1419,0.0802,1
34.2,-0.1603,-0.1252,0.3184,0.5313,0.0214,0.8476,0.0948,0.1429,0.0861,1
34.22,-0.0118,0.3021,0.3036,0.5345,0.0233,0.845,0.0942,0.1416,0.0705,1
34.24,0.0338,0.3229,0.4232,0.5282,0.0221,0.8484,0.0934,0.141,0.0798,1
34.26,-0.2136,0.0328,0.3554,0.5222,0.029,0.8528,0.0927,0.1409,0.0847,1
34.28,-0.1594,0.0528,0.1005,0.5229,0.0293,0.8532,0.094,0.1421,0.0743,1
34.3,0.0212,0.3858,0.0488,0.5291,0.0277,0.849,0.0942,0.1424,0.0736,1
34.32,-0.0555,0.2616,-0.0434,0.528,0.0258,0.8458,0.0936,0.1423,0.0913,1
34.34,-0.1036,0.3585,0.2131,0.525,0.0271,0.8466,0.0929,0.1425,0.0895,1
34.36,-0.0594,0.7452,0.2041,0.5259,0.0249,0.8482,0.0917,0.1414,0.0765,1
34.38,0.1219,-0.1903,0.3238,0.5251,0.0274,0.8528,0.0936,0.1419,0.0913,1
34.4,-0.5709,0.1433,0.2937,0.5259,0.0286,0.8553,0.0954,0.1428,0.0961,1
34.42,-0.2437,0.6528,0.1778,0.5247,0.025,0.8482,0.0957,0.1409,0.0869,1
34.44,-0.5125,0.3396,-0.0027,0.5251,0.0275,0.8442,0.0932,0.1389,0.0764,1
34.46,-0.2761,-0.5585,-0.4313,0.5208,0.0237,0.8452,0.0941,0.1425,0.0737,1
34.48,-0.1716,-0.0378,-0.2051,0.5341,0.0249,0.8435,0.0935,0.1428,0.0647,1
34.5,0.0464,0.0558,-0.2008,0.5393,0.0248,0.8431,0.0918,0.1428,0.0786,1
34.52,-0.1328,0.1586,0.2124,0.5336,0.0279,0.8498,0.0939,0.1429,0.0935,1
34.54,-0.0828,0.198,0.5668,0.5254,0.0311,0.8505,0.0938,0.1424,0.077,1
34.56,-0.0034,0.4459,0.1635,0.5253,0.0222,0.8474,0.0929,0.1417,0.0683,1
34.58,-0.0907,0.4524,0.0804,0.5211,0.0251,0.8439,0.0931,0.1422,0.0698,1
34.6,0.0948,0.5655,0.1917,0.5224,0.029,0.844,0.095,0.1414,0.0833,1
34.62,-0.0374,0.1278,0.4252,0.5249,0.0279,0.8477,0.0932,0.1407,0.0748,1
34.64,0.0576,-0.2311,0.4433,0.5264,0.0254,0.848,0.092,0.1409,0.0728,1
34.66,-0.1845,-0.382,0.1339,0.5268,0.0256,0.8496,0.0926,0.1399,0.0685,1
34.68,-0.3119,0.0664,-0.234,0.5295,0.0301,0.8492,0.093,0.1408,0.0846,1
34.7,-0.2367,0.2245,-0.1919,0.5257,0.0301,0.8455,0.0913,0.1414,0.0966,1
34.72,0.1272,0.7432,-0.014,0.5267,0.0294,0.8455,0.0943,0.1436,0.0711,1
34.74,-0.1771,0.3647,0.337,0.5263,0.031,0.8456,0.0921,0.1394,0.0973,1
34.76,-0.2652,0.1256,0.2454,0.5269,0.0258,0.847,0.0962,0.1399,0.0749,1
34.78,-0.3636,-0.2976,0.0566,0.5337,0.0334,0.8474,0.0913,0.1406,0.0778,1
34.8,0.0597,0.1085,0.443,0.528,0.0323,0.8498,0.0936,0.1399,0.0776,1
34.82,-0.0819,-0.2336,0.1463,0.5259,0.0311,0.8475,0.0934,0.1401,0.0691,1
34.84,0.1617,-0.3377,0.3978,0.5307,0.0282,0.8455,0.0929,0.141,0.0631,1
34.86,-0.2096,-0.2293,0.3326,0.5281,0.0279,0.8465,0.0945,0.14,0.0814,1
34.88,0.1198,0.9194,0.2897,0.5248,0.0219,0.8474,0.0952,0.1402,0.0932,1
34.9,0.1002,0.6781,0.2295,0.5306,0.0333,0.8436,0.0935,0.1407,0.0859,1
34.92,0.323,-0.1332,0.2734,0.5295,0.0297,0.8428,0.0931,0.1409,0.0871,1
34.94,0.1407,-0.3734,0.2783,0.5258,0.0282,0.8484,0.0932,0.1401,0.0871,1
34.96,-0.3529,0.1809,0.5305,0.5265,0.0232,0.8522,0.0915,0.1412,0.0968,1
34.98,-0.3125,0.5545,0.46,0.525,0.0193,0.8534,0.0925,0.1418,0.0995,1
35.0,-0.2644,0.3905,0.1319,0.5285,0.0234,0.8484,0.0926,0.1414,0.082,1
35.02,-0.282,0.1428,-0.017,0.5267,0.0267,0.8448,0.0935,0.1418,0.0788,1
35.04,-0.2141,-0.3257,0.184,0.5233,0.0225,0.8474,0.0938,0.143,0.0706,1
35.06,-0.1483,-0.2134,0.3178,0.5239,0.0323,0.8545,0.0942,0.1401,0.075,1
35.08,0.0022,-0.0506,0.5061,0.5254,0.022,0.8499,0.0944,0.1397,0.0926,1
35.1,-0.113,-0.4388,0.1003,0.5301,0.0231,0.8486,0.0934,0.1404,0.065,1
35.12,-0.4179,-0.2209,0.0934,0.5286,0.0283,0.8501,0.0942,0.1412,0.067,1
35.14,0.0117,0.5365,0.3595,0.5256,0.0255,0.8496,0.094,0.1419,0.08,1
35.16,-0.0017,1.0935,0.4556,0.5277,0.0248,0.8445,0.0948,0.1422,0.0815,1
35.18,0.0008,0.1214,0.1626,0.5288,0.0251,0.8425,0.0939,0.1421,0.0837,1
35.2,-0.35,-0.0285,0.2107,0.5275,0.0228,0.8471,0.0922,0.1406,0.0803,1
35.22,-0.3722,0.0829,0.0176,0.525,0.023,0.8477,0.0937,0.1411,0.0703,1
35.24,-0.3274,0.0615,-0.1671,0.5252,0.0247,0.8446,0.0953,0.1412,0.0562,1
35.26,-0.1907,-0.0947,-0.2476,0.5274,0.0257,0.8466,0.0932,0.1419,0.0685,1
35.28,0.0194,0.0573,0.1344,0.5275,0.027,0.8516,0.0947,0.1435,0.0793,1
35.3,0.1364,0.2474,0.5063,0.5281,0.033,0.8529,0.0951,0.1442,0.0801,1
35.32,0.0294,0.0611,0.6878,0.5273,0.026,0.8513,0.0941,0.144,0.0836,1
35.34,-0.377,-0.0391,0.1576,0.5269,0.0227,0.8465,0.0943,0.1418,0.091,1
35.36,-0.7303,0.1475,-0.2296,0.5241,0.0275,0.8459,0.0937,0.1408,0.0929,1
35.38,0.0175,0.1849,0.084,0.5251,0.028,0.8492,0.0931,0.1403,0.0699,1
35.4,0.0391,0.176,0.3406,0.5259,0.0243,0.8499,0.0936,0.1396,0.0723,1
35.42,-0.5255,0.0179,-0.0653,0.5264,0.0279,0.8448,0.0922,0.1415,0.0756,1
35.44,0.0316,-0.4806,-0.1157,0.5318,0.0319,0.8474,0.0912,0.1404,0.0767,1
35.46,0.0176,-0.6185,-0.0169,0.5295,0.0341,0.8533,0.094,0.1423,0.0941,1
35.48,-0.0534,-0.0003,0.1247,0.526,0.0308,0.8521,0.0937,0.142,0.0803,1
35.5,-0.0044,-0.0554,0.519,0.5329,0.0258,0.8491,0.0921,0.1407,0.0863,1
35.52,-0.3051,0.0583,0.286,0.5308,0.0296,0.843,0.0931,0.1422,0.0693,1
35.54,-0.3355,0.0282,-0.0193,0.5283,0.027,0.847,0.0925,0.1421,0.0914,1
35.56,-0.021,-0.1642,0.2674,0.5273,0.0274,0.8495,0.0937,0.1408,0.0787,1
35.58,-0.0191,-0.0357,0.354,0.5281,0.0252,0.8443,0.0953,0.1421,0.0896,1
35.6,-0.0151,-0.0667,0.1986,0.5312,0.0221,0.8492,0.0948,0.1425,0.0952,1
35.62,-0.3682,0.0131,-0.0915,0.5303,0.0229,0.8481,0.094,0.1423,0.0888,1
35.64,-0.3837,0.0444,-0.3219,0.5281,0.031,0.8458,0.0943,0.1406,0.0969,1
35.66,0.2611,-0.0095,-0.0042,0.53,0.0279,0.8471,0.0943,0.1407,0.0724,1
35.68,0.1124,0.0969,0.0997,0.5257,0.0282,0.8464,0.0931,0.1412,0.0623,1
35.7,-0.0264,0.1687,0.3291,0.5231,0.0307,0.8502,0.0932,0.1405,0.0729,1
35.72,0.1699,0.1561,0.3125,0.5278,0.0282,0.8515,0.093,0.1412,0.0729,1
35.74,-0.0974,0.6094,0.2778,0.5262,0.0253,0.8477,0.0933,0.1417,0.0859,1
35.76,-0.0591,-0.1597,0.0717,0.5238,0.028,0.8487,0.0956,0.1419,0.0638,1
35.78,-0.4638,0.2041,0.063,0.5229,0.0277,0.8489,0.0916,0.1399,0.0861,1
35.8,-0.2301,0.1525,0.1111,0.5258,0.0296,0.8503,0.0945,0.1408,0.0811,1
35.82,-0.2967,0.7116,0.1462,0.5293,0.0296,0.8457,0.0945,0.1406,0.0632,1
35.84,-0.1036,0.2492,0.0295,0.5269,0.0251,0.8447,0.0941,0.1402,0.0697,1
35.86,-0.2262,0.3232,0.0793,0.5267,0.0235,0.8514,0.0948,0.1404,0.1,1
35.88,-0.3678,0.3811,0.3996,0.5262,0.0289,0.8557,0.0949,0.1394,0.0857,1
35.9,-0.2051,0.0951,0.542,0.5257,0.0201,0.8512,0.0934,0.1402,0.0763,1
35.92,-0.1897,-0.0392,0.5286,0.5273,0.0175,0.8473,0.094,0.1407,0.0689,1
35.94,-0.3228,0.2503,0.0448,0.5295,0.0244,0.8472,0.0938,0.1404,0.0852,1
35.96,-0.225,0.1815,-0.0199,0.5297,0.0263,0.8502,0.0943,0.1404,0.0838,1
35.98,-0.0494,0.0122,0.3234,0.5333,0.0283,0.8463,0.0942,0.1401,0.0802,1
36.0,0.2207,0.453,0.6655,0.5293,0.0274,0.8463,0.0941,0.1396,0.074,1
36.02,0.1755,0.1082,0.5608,0.5327,0.0255,0.8468,0.094,0.1395,0.0944,1
36.04,-0.3964,0.3602,0.034,0.5218,0.0314,0.8511,0.0935,0.1417,0.0823,1
36.06,-0.0527,0.4739,0.0742,0.5167,0.027,0.8464,0.0956,0.1393,0.0833,1
36.08,0.2682,0.2471,0.2468,0.5207,0.0235,0.8459,0.0947,0.14,0.0748,1
36.1,-0.3099,-0.0811,0.2265,0.5262,0.028,0.8478,0.0946,0.1402,0.0849,1
36.12,-0.2646,-0.3073,0.134,0.5271,0.0315,0.8499,0.0947,0.1404,0.1013,1
36.14,-0.1736,0.1723,0.0106,0.5312,0.0309,0.8498,0.0952,0.1407,0.083,1
36.16,-0.0823,0.4364,0.0874,0.5289,0.0335,0.8483,0.0947,0.14,0.0725,1
36.18,-0.1814,0.3509,0.2846,0.5275,0.0277,0.8489,0.093,0.1403,0.0724,1
36.2,-0.2332,0.4627,0.0765,0.5289,0.0237,0.8462,0.0918,0.1398,0.0767,1
36.22,-0.2771,0.5244,-0.0693,0.5269,0.0227,0.8439,0.0933,0.1396,0.0827,1
36.24,-0.134,0.3302,-0.1025,0.5231,0.0253,0.8464,0.0946,0.1399,0.084,1
36.26,-0.2668,-0.3746,0.1035,0.5224,0.0286,0.8539,0.0941,0.1389,0.0762,1
36.28,0.1256,-0.5263,0.1341,0.5224,0.0286,0.8534,0.0922,0.1393,0.0732,1
36.3,0.3505,0.0661,0.4526,0.5281,0.0299,0.8435,0.0925,0.1404,0.0697,1
36.32,-0.2401,0.1938,0.1602,0.5273,0.0265,0.8417,0.0913,0.1401,0.0643,1
36.34,-0.2261,0.061,0.0941,0.5244,0.0243,0.8466,0.0939,0.1396,0.0776,1
36.36,-0.5387,0.2981,0.6401,0.5206,0.0253,0.8493,0.0936,0.1409,0.0901,1
36.38,0.0132,0.4391,0.4002,0.5246,0.028,0.8514,0.095,0.1412,0.0926,1
36.4,-0.0483,0.4012,0.1526,0.5231,0.0304,0.8483,0.0934,0.1424,0.0818,1
36.42,0.0499,-0.0887,0.2849,0.5263,0.0318,0.8561,0.0927,0.1424,0.0662,1
36.44,0.1924,-0.1657,0.3171,0.5274,0.0244,0.8481,0.0936,0.1422,0.0726,1
36.46,-0.0477,0.0787,-0.1177,0.5265,0.0271,0.8482,0.094,0.142,0.0742,1
36.48,-0.1406,-0.257,-0.0769,0.5254,0.0282,0.8454,0.0937,0.1423,0.0791,1
36.5,-0.0709,-0.152,0.1969,0.5275,0.0254,0.8471,0.0935,0.1405,0.0792,1
36.52,-0.0557,0.2539,0.3071,0.5301,0.0285,0.8444,0.0943,0.1395,0.0758,1
36.54,-0.1888,0.0922,0.3627,0.5277,0.0293,0.8416,0.0941,0.1409,0.0665,1
36.56,0.2459,-0.1913,0.4425,0.5254,0.0245,0.8486,0.0948,0.142,0.0674,1
36.58,-0.3264,-0.1166,0.3555,0.5231,0.0286,0.851,0.0915,0.1426,0.0825,1
36.6,-0.6819,0.9829,-0.2313,0.5241,0.0302,0.8449,0.0933,0.1423,0.0876,1
36.62,-0.1406,0.6784,-0.3913,0.5237,0.0226,0.8462,0.0968,0.1437,0.0809,1
36.64,-0.1525,0.3614,-0.4738,0.5278,0.0271,0.8526,0.0932,0.1439,0.0735,1
36.66,0.2656,-0.2892,0.2508,0.5257,0.0317,0.8512,0.0943,0.1403,0.0875,1
36.68,0.7073,-0.1243,0.5678,0.5328,0.0301,0.8531,0.0938,0.142,0.0515,1
36.7,0.135,-0.0156,0.4222,0.5266,0.0343,0.8498,0.0943,0.1405,0.0647,1
36.72,-0.1883,-0.1315,0.2475,0.5208,0.0312,0.8474,0.0936,0.1403,0.087,1
36.74,0.0389,-0.2164,0.3435,0.523,0.0262,0.8488,0.093,0.142,0.0856,1
36.76,0.058,0.4769,0.3688,0.5255,0.0277,0.8491,0.0934,0.142,0.0909,1
36.78,-0.1125,0.6382,0.074,0.5257,0.0264,0.8516,0.0954,0.1415,0.0928,1
36.8,-0.1716,0.1988,-0.1767,0.5264,0.0279,0.8534,0.0947,0.143,0.0816,1
36.82,-0.1668,0.592,-0.3854,0.5297,0.03,0.8484,0.0938,0.1425,0.0727,1
36.84,-0.0422,0.6635,-0.3808,0.5286,0.0257,0.8469,0.0944,0.1405,0.0772,1
36.86,-0.0913,0.3848,0.1942,0.5263,0.0269,0.8462,0.0934,0.1405,0.0741,1
36.88,-0.0782,0.2906,0.3752,0.5224,0.0257,0.8459,0.0943,0.1401,0.075,1
36.9,-0.0028,0.18,0.2909,0.528,0.0297,0.8466,0.0933,0.1405,0.0799,1
36.92,-0.3076,0.2134,0.1567,0.5292,0.0271,0.8521,0.0922,0.143,0.0826,1
36.94,-0.2747,0.293,0.2478,0.5241,0.0247,0.853,0.0916,0.1422,0.0778,1
36.96,-0.1785,0.2486,-0.0305,0.5214,0.0322,0.8566,0.0923,0.1397,0.0844,1
36.98,-0.4709,0.2533,0.3401,0.5258,0.0293,0.8505,0.0929,0.1407,0.0743,1
37.0,-0.3287,0.2886,0.495,0.526,0.0297,0.845,0.0944,0.1422,0.0772,1
37.02,-0.2009,-0.4777,0.33,0.5219,0.0288,0.8488,0.0951,0.141,0.073,1
37.04,-0.0505,-0.574,0.3406,0.5202,0.0306,0.8537,0.0936,0.1406,0.0766,1
37.06,-0.0183,0.0642,0.4921,0.5225,0.0321,0.852,0.093,0.1419,0.0918,1
37.08,-0.0563,0.5216,0.1854,0.5221,0.0278,0.8495,0.0926,0.1427,0.0924,1
37.1,-0.5067,0.6239,0.0559,0.5198,0.0277,0.8493,0.0911,0.141,0.0819,1
37.12,-0.6769,0.0963,0.1509,0.5247,0.0248,0.8513,0.0918,0.1417,0.1032,1
37.14,-0.3481,-0.1102,0.0855,0.5263,0.0244,0.8458,0.0933,0.143,0.0908,1
37.16,-0.2245,-0.089,0.2322,0.5277,0.0249,0.8447,0.0931,0.1409,0.0839,1
37.18,-0.1342,-0.5501,0.1525,0.5261,0.0221,0.8459,0.0932,0.1433,0.0871,1
37.2,-0.197,-1.1774,-0.0162,0.5276,0.0303,0.8476,0.093,0.1423,0.0808,1
37.22,0.0219,-0.5315,0.1191,0.5259,0.0248,0.8546,0.094,0.142,0.0652,1
37.24,-0.253,0.5037,0.3667,0.5217,0.0278,0.8454,0.0946,0.142,0.0764,1
37.26,-0.0973,0.4217,-0.3036,0.5253,0.036,0.8442,0.0926,0.1409,0.079,1
37.28,-0.2719,0.1805,-0.3496,0.5302,0.0353,0.8475,0.093,0.1433,0.0751,1
37.3,-0.2232,0.0633,0.0621,0.5244,0.0244,0.8509,0.0933,0.1431,0.0848,1
37.32,-0.054,-0.322,0.5457,0.5296,0.0267,0.8489,0.0945,0.1446,0.0887,1
37.34,-0.2787,0.215,0.2285,0.53,0.0221,0.8415,0.0953,0.1443,0.0684,1
37.36,-0.3888,0.1833,-0.0141,0.5264,0.0226,0.8438,0.0956,0.141,0.0759,1
37.38,-0.0889,0.0011,-0.1013,0.5224,0.0244,0.8487,0.0948,0.1406,0.0807,1
37.4,0.2286,0.4248,0.2796,0.5218,0.0297,0.851,0.0936,0.1406,0.0788,1
37.42,0.3869,0.2944,0.3363,0.5207,0.0302,0.8514,0.0933,0.1408,0.0757,1
37.44,0.2552,0.1504,0.039,0.5243,0.0323,0.847,0.093,0.139,0.0848,1
37.46,-0.3238,0.474,-0.0898,0.5263,0.0288,0.851,0.0933,0.1416,0.0775,1
37.48,-0.5363,0.1505,-0.0073,0.5286,0.0277,0.8457,0.0935,0.1402,0.0728,1
37.5,-0.3152,0.0284,-0.1628,0.5269,0.0249,0.8474,0.0936,0.138,0.0662,1
37.52,-0.123,0.2817,0.0315,0.5234,0.0302,0.8466,0.0948,0.1389,0.0804,1
37.54,-0.1355,-0.2661,-0.0092,0.5197,0.0383,0.8499,0.0926,0.1391,0.0859,1
37.56,0.1163,-0.1254,-0.0241,0.5227,0.0294,0.8528,0.0944,0.1411,0.0796,1
37.58,-0.1155,0.3944,0.0474,0.5276,0.0331,0.8483,0.0938,0.1401,0.0912,1
37.6,-0.2339,0.2168,0.3213,0.5276,0.0296,0.8417,0.0937,0.1399,0.086,1
37.62,-0.1854,0.2229,0.1838,0.5274,0.0239,0.8462,0.093,0.1397,0.0764,1
37.64,-0.2321,0.0572,0.2973,0.5302,0.0245,0.8471,0.0928,0.1387,0.0789,1
37.66,-0.1296,-0.1199,0.3846,0.5263,0.029,0.8485,0.0934,0.1397,0.0805,1
37.68,0.0136,-0.0068,0.3705,0.5242,0.0299,0.8502,0.0946,0.141,0.0932,1
37.7,0.0041,0.1117,0.3891,0.5204,0.0254,0.852,0.0939,0.1407,0.0895,1
37.72,0.104,0.305,0.3524,0.5235,0.0308,0.8471,0.0938,0.1409,0.0785,1
37.74,-0.2503,-0.2116,0.2028,0.522,0.0381,0.8453,0.0924,0.1406,0.0783,1
37.76,-0.1682,-0.2377,0.0717,0.5273,0.0322,0.8528,0.0933,0.1396,0.0703,1
37.78,-0.378,-0.877,0.2926,0.5236,0.0289,0.856,0.0939,0.1408,0.0807,1
37.8,-0.5707,0.4656,0.4089,0.5264,0.0309,0.8471,0.0941,0.1377,0.092,1
37.82,-0.1754,0.26,0.2749,0.5259,0.0345,0.8452,0.0957,0.1406,0.0924,1
37.84,-0.9656,-0.0898,0.3313,0.5212,0.0285,0.8425,0.0944,0.1403,0.0703,1
37.86,-0.9684,-0.255,0.2971,0.5246,0.0319,0.8446,0.0936,0.1411,0.0551,1
37.88,-0.3012,-0.125,0.4789,0.529,0.0249,0.8484,0.0932,0.1414,0.0661,1
37.9,-0.4737,0.0041,0.5555,0.5227,0.0299,0.8488,0.094,0.1409,0.0828,1
37.92,-0.8056,-0.5652,0.2268,0.5233,0.0301,0.8499,0.0924,0.1406,0.0789,1
37.94,-0.7266,-0.1768,0.2737,0.5313,0.0306,0.8481,0.0917,0.1401,0.0611,1
37.96,-0.4223,0.407,0.3978,0.5303,0.0284,0.8467,0.091,0.1394,0.0767,1
37.98,-0.5359,0.0032,0.519,0.5276,0.0248,0.8479,0.091,0.1398,0.0851,1
38.0,-0.7046,0.0917,0.3691,0.5259,0.0217,0.8484,0.0908,0.1404,0.0594,1
38.02,-0.4702,-0.135,-0.0178,0.5203,0.0249,0.8537,0.0904,0.1393,0.0734,1
38.04,-0.8828,0.169,-0.056,0.5236,0.0257,0.8527,0.0904,0.1405,0.0159,1
38.06,-0.5138,0.5433,-0.1374,0.5246,0.0274,0.8495,0.0906,0.1401,0.0133,1
38.08,-0.0454,-0.0429,0.4484,0.5216,0.0187,0.8494,0.088,0.142,0.0293,1
38.1,-0.3629,-0.8625,0.7979,0.5246,0.028,0.8474,0.0893,0.1413,0.0133,1
38.12,-0.3566,-1.0072,0.5697,0.5269,0.0258,0.8467,0.0868,0.1394,0.0053,1
38.14,-0.4278,-0.3597,0.2631,0.5272,0.0303,0.8532,0.0868,0.1408,0.0171,1
38.16,-0.2491,-0.1398,0.3343,0.5252,0.0249,0.8527,0.0879,0.14,0.0219,1
38.18,-0.445,-0.1523,0.0906,0.5255,0.0247,0.8509,0.0867,0.1391,0.0131,1
38.2,-0.504,-0.413,-0.1992,0.5263,0.0232,0.8488,0.0874,0.1405,0.0088,1
38.22,-0.4448,-0.6601,-0.6143,0.5279,0.0276,0.8475,0.0871,0.1406,0.0102,1
38.24,-0.5715,-0.4935,-0.2508,0.5271,0.0274,0.8481,0.0858,0.1403,0.0013,1
38.26,-0.3283,-0.1608,0.0665,0.5239,0.0298,0.8509,0.0839,0.1414,0.0141,1
38.28,-0.1948,-0.2738,0.3716,0.5291,0.0292,0.8486,0.0794,0.1406,0.0175,1
38.3,-0.3369,0.0747,0.4926,0.5287,0.0239,0.8416,0.0794,0.1407,0.0116,1
38.32,-0.6364,-0.0367,0.2554,0.5308,0.0226,0.8501,0.0771,0.1403,0.0186,1
38.34,-0.5663,-0.3774,0.3266,0.526,0.0304,0.8497,0.078,0.1396,0.0465,1
38.36,-0.2074,-0.2172,0.224,0.5303,0.0322,0.8461,0.0787,0.1399,0.0056,1
38.38,-0.0278,0.3316,0.0505,0.5311,0.0244,0.8473,0.0772,0.1408,0.0135,1
38.4,-0.1672,0.1419,0.0886,0.5269,0.0263,0.8491,0.0759,0.1418,0.0073,1
38.42,0.0753,-0.2511,-0.0792,0.5292,0.0291,0.853,0.0783,0.1412,0.0058,1
38.44,-0.1388,-0.1051,-0.1672,0.5313,0.0247,0.8487,0.0781,0.1415,0.0,1
38.46,-0.1107,0.0838,-0.0102,0.5306,0.0262,0.8486,0.0807,0.1407,0.0028,1
38.48,-0.092,-0.0491,-0.0129,0.5278,0.0248,0.8455,0.0818,0.139,0.0166,1
38.5,-0.039,0.2036,0.163,0.5262,0.0247,0.8429,0.0837,0.1401,0.0219,1
38.52,-0.1539,0.6521,0.4553,0.5302,0.0317,0.8494,0.0864,0.1414,0.0115,1
38.54,-0.3856,0.2508,0.0372,0.5291,0.0346,0.8495,0.0861,0.141,0.0112,1
38.56,-0.4371,-0.4498,0.2713,0.5269,0.0294,0.852,0.0861,0.1397,0.0057,1
38.58,-0.0562,-0.2478,-0.1271,0.5305,0.0216,0.8506,0.0877,0.1391,0.0176,1
38.6,0.2237,0.399,0.1676,0.5277,0.0182,0.8494,0.0884,0.1391,0.0212,1
38.62,0.7576,0.369,0.5905,0.525,0.0184,0.8447,0.0898,0.1414,0.0428,1
38.64,0.2543,0.0848,-0.0605,0.5267,0.0245,0.8502,0.0887,0.1404,0.0528,1
38.66,0.7008,0.3306,-0.2263,0.5249,0.0282,0.8454,0.0916,0.1405,0.0662,1
38.68,0.3565,0.7183,0.0566,0.5286,0.0289,0.8434,0.0899,0.1411,0.0691,1
38.7,0.1707,0.3107,0.2685,0.5298,0.0258,0.8516,0.0905,0.1403,0.0876,1
38.72,-0.1342,0.6582,0.1448,0.5243,0.0283,0.8566,0.0914,0.1403,0.0814,1
38.74,-0.0196,0.3307,-0.1312,0.5243,0.0303,0.8492,0.0911,0.1406,0.0719,1
38.76,0.0659,-0.2039,-0.4433,0.536,0.0265,0.8464,0.0886,0.1411,0.0789,1
38.78,-0.1649,-0.4172,-0.4618,0.5341,0.0294,0.8465,0.09,0.1401,0.0726,1
38.8,0.2067,-0.5039,-0.2831,0.5296,0.029,0.8436,0.0897,0.14,0.081,1
38.82,0.6052,0.2493,-0.2493,0.5285,0.0287,0.8427,0.0907,0.1397,0.0782,1
38.84,0.4473,0.433,-0.0119,0.5261,0.0326,0.8436,0.092,0.1402,0.0682,1
38.86,0.0006,0.0018,-0.0173,0.5308,0.0332,0.8475,0.0909,0.1416,0.0765,1
38.88,-0.207,0.2653,-0.0959,0.5334,0.0319,0.8515,0.0915,0.142,0.0835,1
38.9,0.263,1.2136,0.2492,0.5285,0.0288,0.8495,0.0916,0.1411,0.0824,1
38.92,0.2963,1.1307,0.2478,0.5223,0.0316,0.8463,0.0916,0.1408,0.0799,1
38.94,0.006,0.3942,0.0857,0.518,0.0287,0.8526,0.0926,0.1408,0.0861,1
38.96,0.4361,-0.808,-0.4121,0.5286,0.0272,0.8472,0.091,0.1409,0.0864,1
38.98,0.419,-0.3359,-0.3134,0.5262,0.0254,0.8495,0.0896,0.1411,0.0811,1
39.0,-0.043,0.2545,-0.3788,0.5249,0.0329,0.8464,0.0906,0.1408,0.0875,1
39.02,-0.0563,0.3309,-0.1397,0.5303,0.0398,0.8448,0.0916,0.1401,0.0713,1
39.04,0.1672,0.4965,0.2702,0.5302,0.0358,0.8469,0.0907,0.14,0.076,1
39.06,0.2517,1.2481,0.4813,0.5277,0.0292,0.8513,0.0898,0.1403,0.0789,1
39.08,0.1421,1.8016,0.4874,0.5205,0.028,0.853,0.0915,0.1407,0.0982,1
39.1,0.3041,0.3648,0.0595,0.5163,0.0365,0.8536,0.0935,0.1406,0.0871,1
39.12,0.6241,-1.195,-0.2655,0.5229,0.028,0.8546,0.0912,0.1411,0.0567,1
39.14,0.255,-1.3173,-0.3744,0.5257,0.036,0.853,0.0898,0.1406,0.091,1
39.16,0.3348,-0.3045,-0.5259,0.5229,0.0406,0.8449,0.0908,0.14,0.0905,1
39.18,0.1921,-0.1272,-0.7867,0.5279,0.0401,0.8534,0.0905,0.1403,0.0901,1
39.2,0.0401,0.1479,-0.1076,0.5267,0.0361,0.8503,0.0915,0.1408,0.0987,1
39.22,0.2035,-0.0381,-0.2294,0.5267,0.0381,0.8496,0.0908,0.1411,0.0787,1
39.24,-0.3096,0.2277,0.0296,0.5268,0.0384,0.8495,0.0916,0.1403,0.0839,1
39.26,-0.1649,0.101,-0.2276,0.5221,0.0311,0.8504,0.0911,0.1408,0.0918,1
39.28,0.098,-0.2331,-0.0682,0.5195,0.032,0.8501,0.091,0.1413,0.086,1
39.3,0.3502,-0.6611,0.1966,0.5235,0.0369,0.8507,0.0914,0.1417,0.0828,1
39.32,0.6067,-0.3161,0.2264,0.5262,0.0373,0.8483,0.0918,0.1415,0.0791,1
39.34,0.5909,0.1933,0.4092,0.5298,0.0394,0.8481,0.0926,0.1403,0.0847,1
39.36,0.2445,-0.5121,0.262,0.5329,0.0363,0.8516,0.0924,0.1391,0.1031,1
39.38,-0.0456,-0.4614,-0.172,0.5294,0.0345,0.8463,0.0932,0.14,0.0996,1
39.4,-0.135,0.281,0.193,0.5284,0.0348,0.8464,0.0927,0.1413,0.0735,1
39.42,0.1031,-0.2417,0.0187,0.5271,0.0426,0.85,0.0926,0.1419,0.0825,1
39.44,-0.1415,0.2642,0.1183,0.5281,0.0359,0.8496,0.0918,0.1397,0.0864,1
39.46,-0.3347,0.2665,0.0167,0.53,0.0412,0.8446,0.0942,0.1393,0.0657,1
39.48,-0.0521,-0.098,-0.0192,0.5304,0.0394,0.8452,0.092,0.1416,0.0843,1
39.5,-0.107,0.5589,0.2365,0.5314,0.0371,0.8437,0.0916,0.14,0.0681,1
39.52,-0.0591,0.5027,0.2158,0.5275,0.0379,0.8458,0.0924,0.141,0.0796,1
39.54,-0.1185,0.0588,0.2758,0.5318,0.0346,0.8419,0.0926,0.1398,0.0729,1
39.56,-0.1185,0.0514,0.2387,0.5303,0.0354,0.8415,0.0918,0.1417,0.0709,1
39.58,-0.0765,0.0753,0.3257,0.5258,0.0379,0.8463,0.0918,0.1409,0.0765,1
39.6,0.3125,-0.1904,0.4111,0.5286,0.0375,0.8458,0.0909,0.1401,0.0781,1
39.62,0.3624,-0.1379,0.6064,0.5292,0.0413,0.8452,0.0919,0.1393,0.0753,1
39.64,-0.1935,-0.3737,0.4982,0.5249,0.0379,0.8487,0.0911,0.1405,0.0935,1
39.66,-0.1368,-0.423,0.4728,0.5288,0.0348,0.8494,0.092,0.1403,0.0878,1
39.68,-0.2463,-0.2811,0.5042,0.5294,0.0342,0.8462,0.0909,0.1395,0.0792,1
39.7,-0.1848,0.1661,0.47,0.5292,0.0381,0.8451,0.0908,0.1397,0.0609,1
39.72,-0.3099,0.3356,0.3306,0.5276,0.0282,0.8474,0.089,0.1387,0.0566,1
39.74,-0.7058,-0.2373,0.2174,0.5232,0.0375,0.8445,0.0894,0.1392,0.02,1
39.76,-0.1791,-0.2916,0.5326,0.5259,0.0361,0.8453,0.0905,0.1413,0.0111,1
39.78,-0.1389,-0.3968,0.5593,0.5217,0.0376,0.8434,0.0896,0.1395,0.0097,1
39.8,-0.3576,0.1526,0.2865,0.5233,0.0352,0.8443,0.0912,0.1407,0.0,1
39.82,-0.3675,0.0447,0.2438,0.5312,0.0338,0.8456,0.0907,0.1396,0.0146,1
39.84,-0.1493,-0.3426,0.4263,0.5306,0.0331,0.8457,0.0907,0.1404,0.0165,1
39.86,-0.2108,-0.945,0.3865,0.5326,0.0256,0.8466,0.0907,0.1417,0.0024,1
39.88,-0.3695,-0.6425,0.4265,0.5337,0.0249,0.8466,0.0901,0.141,0.0096,1
39.9,-0.3205,0.1823,0.0405,0.5279,0.0288,0.8388,0.0904,0.1403,0.0183,1
39.92,-0.0095,0.3638,-0.1445,0.5268,0.0269,0.8398,0.0887,0.1412,0.0204,1
39.94,0.0716,-0.3223,0.0787,0.5253,0.036,0.8438,0.0898,0.1415,0.0204,1
39.96,0.1513,-0.1303,0.1386,0.5297,0.0301,0.8498,0.0898,0.1415,0.0261,1
39.98,-0.1492,-0.2211,-0.0937,0.5286,0.0408,0.8443,0.091,0.1403,0.0267,1
40.0,-0.3383,-0.4196,-0.2873,0.5315,0.0367,0.8416,0.0899,0.1402,0.0132,1
