time,gyr_x,gyr_y,gyr_z,acc_x,acc_y,acc_z,fsr_left,fsr_right,fsr_spine,label
0.02,-0.8803,-1.924,-0.2711,0.5883,0.0037,0.8082,0.0834,0.1516,0.0603,1
0.04,-1.2421,-1.8517,-0.2329,0.5876,0.0062,0.8088,0.0816,0.1515,0.0968,1
0.06,-0.7766,-2.1487,0.3737,0.5873,0.0022,0.8049,0.0817,0.1544,0.1322,1
0.08,-0.5438,-2.0342,0.5719,0.5856,0.0006,0.8084,0.082,0.1547,0.1092,1
0.1,-0.2266,-1.7372,-0.443,0.583,0.0009,0.8064,0.0773,0.1537,0.1129,1
0.12,-0.5894,-1.1452,-1.3455,0.5891,0.0047,0.8012,0.0783,0.1539,0.1094,1
0.14,0.049,-0.9937,-1.2039,0.59,-0.0005,0.8028,0.0722,0.1533,0.1038,1
0.16,0.4889,-1.2282,-0.3347,0.591,0.003,0.8004,0.062,0.1534,0.0985,1
0.18,0.6873,-1.6085,1.0583,0.592,0.0071,0.8001,0.063,0.1539,0.0758,1
0.2,0.7303,-1.365,1.4159,0.5878,0.0091,0.8036,0.0623,0.1549,0.0989,1
0.22,0.5871,-0.7586,1.9897,0.5881,0.0059,0.8076,0.0627,0.1541,0.1033,1
0.24,-0.2639,0.1016,2.2219,0.5868,-0.0011,0.8115,0.0666,0.1527,0.0937,1
0.26,-0.2591,0.7374,1.7989,0.5898,-0.0072,0.8092,0.0699,0.1534,0.1026,1
0.28,0.0966,0.3621,1.392,0.5899,-0.006,0.8066,0.0707,0.154,0.1064,1
0.3,0.1082,-0.0026,1.0989,0.5858,-0.0027,0.8097,0.0747,0.1532,0.1048,1
0.32,-0.0214,0.7041,1.0149,0.5874,-0.0031,0.807,0.0767,0.1532,0.1135,1
0.34,-0.1512,0.6259,0.8539,0.5932,-0.0039,0.8014,0.0797,0.153,0.1005,1
0.36,-0.3892,-0.3374,0.5391,0.5909,-0.0043,0.803,0.0837,0.1531,0.1016,1
0.38,-0.496,-0.8331,0.6629,0.5877,-0.0082,0.8087,0.0846,0.1535,0.1089,1
0.4,-0.3225,0.2443,0.8146,0.5888,-0.0093,0.8093,0.0835,0.1531,0.106,1
0.42,-0.1813,0.6652,0.2941,0.5884,-0.0101,0.8087,0.0834,0.1538,0.1177,1
0.44,0.1283,0.1249,-0.3249,0.5868,-0.0026,0.8063,0.0828,0.1542,0.1436,1
0.46,0.7107,-0.2698,-0.1835,0.5879,-0.0106,0.8026,0.0846,0.1544,0.1109,1
0.48,1.052,-0.4697,0.1815,0.5934,-0.0018,0.7979,0.0841,0.1542,0.1174,1
0.5,0.7734,-0.8502,0.2149,0.5948,-0.0023,0.8002,0.0858,0.1542,0.1185,1
0.52,0.4012,-0.0066,-0.062,0.59,0.0089,0.8047,0.086,0.1553,0.1182,1
0.54,-0.0016,-0.0582,0.2202,0.5984,0.0048,0.7991,0.0851,0.1536,0.1422,1
0.56,-0.2504,-0.1682,-0.1262,0.5994,-0.0029,0.8021,0.0877,0.1539,0.0975,1
0.58,-0.2063,0.0403,-0.5329,0.5976,-0.0115,0.8,0.0851,0.1539,0.1279,1
0.6,-0.4843,-0.0403,-0.017,0.5964,0.0088,0.8013,0.0851,0.1543,0.1024,1
0.62,-0.9723,0.0813,-0.1168,0.5835,0.0033,0.8052,0.0834,0.1535,0.1368,1
0.64,-0.7285,0.6947,-0.3321,0.5861,-0.0046,0.8105,0.0848,0.1552,0.1321,1
0.66,-0.545,-0.1855,0.8647,0.585,0.0005,0.8086,0.0856,0.1535,0.1209,1
0.68,-0.6562,-0.2058,0.8598,0.5896,-0.008,0.8082,0.0861,0.1525,0.1127,1
0.7,0.1885,0.5998,0.5074,0.5878,-0.0149,0.8019,0.0852,0.1543,0.1405,1
0.72,-0.1718,0.336,0.7605,0.5903,0.005,0.8056,0.0834,0.1542,0.1232,1
0.74,-0.5529,-0.091,1.1425,0.5901,0.001,0.7995,0.085,0.1545,0.1085,1
0.76,-0.8722,0.7454,0.7191,0.6006,-0.0014,0.797,0.0873,0.1531,0.128,1
0.78,-1.6631,0.745,0.5271,0.5971,0.0088,0.8024,0.087,0.1541,0.1357,1
0.8,-2.581,0.6147,1.31,0.593,0.0096,0.807,0.088,0.1539,0.131,1
0.82,-2.7471,1.317,1.9202,0.599,-0.0106,0.7993,0.0874,0.1546,0.126,1
0.84,-2.1622,2.9155,1.5527,0.6037,-0.0166,0.7938,0.088,0.1543,0.1411,1
0.86,-1.2098,2.3158,2.0636,0.595,-0.0088,0.8028,0.0893,0.1543,0.1467,1
0.88,-0.2848,1.4294,2.4761,0.5882,-0.0136,0.7997,0.0896,0.1538,0.1221,1
0.9,0.5021,1.622,1.5295,0.5936,-0.0152,0.7928,0.0917,0.1544,0.1094,1
0.92,0.844,0.3966,0.555,0.5887,-0.0132,0.8055,0.0929,0.1541,0.1405,1
0.94,0.1942,0.32,-0.0651,0.5823,-0.0108,0.8185,0.091,0.1535,0.1285,1
0.96,-0.3173,0.89,-0.5818,0.5827,-0.0127,0.8148,0.09,0.1536,0.1181,1
0.98,-0.2282,1.0413,-1.0831,0.5807,-0.0121,0.8135,0.0915,0.1533,0.1476,1
1.0,-0.1809,0.4434,-0.3905,0.5777,-0.0105,0.8143,0.0901,0.1537,0.1376,1
1.02,0.0018,1.1816,0.0335,0.5795,-0.0103,0.8121,0.0892,0.154,0.1244,1
1.04,-0.0285,1.6194,0.0646,0.5809,0.0018,0.8134,0.0911,0.1533,0.1403,1
1.06,-0.2791,1.6363,0.3958,0.5818,0.0104,0.8211,0.0919,0.154,0.1349,1
1.08,-0.6743,1.4202,0.5787,0.5911,0.0005,0.8038,0.093,0.1532,0.1301,1
1.1,-0.9667,0.38,1.0322,0.5932,-0.0021,0.8039,0.0934,0.1534,0.1401,1
1.12,-0.9737,-0.2503,1.9154,0.59,-0.0019,0.8128,0.0943,0.1532,0.1369,1
1.14,-0.6505,0.6939,2.5163,0.5865,-0.0046,0.8134,0.0948,0.1543,0.117,1
1.16,0.783,1.9425,1.4955,0.5911,-0.0111,0.8046,0.0932,0.1519,0.1582,1
1.18,0.9379,1.3145,1.1213,0.5797,-0.0141,0.811,0.0963,0.1514,0.1653,1
1.2,0.9076,0.7566,0.9758,0.5779,-0.0094,0.8192,0.0953,0.1533,0.1475,1
1.22,0.7605,1.6132,0.6005,0.5805,-0.0109,0.8103,0.094,0.1534,0.1383,1
1.24,0.4851,1.0644,0.1677,0.5801,-0.0043,0.8155,0.0963,0.1537,0.1468,1
1.26,0.1264,0.6986,0.2112,0.5792,-0.0101,0.8137,0.0964,0.1525,0.1493,1
1.28,-0.0454,0.5892,0.596,0.5814,-0.0075,0.8155,0.0968,0.1534,0.1402,1
1.3,-0.1798,0.1686,0.944,0.5792,-0.0046,0.8109,0.0941,0.1541,0.161,1
1.32,-0.5625,0.2916,1.0892,0.581,-0.0059,0.8166,0.0935,0.1533,0.1602,1
1.34,-0.4479,1.1145,0.931,0.5818,-0.0027,0.8158,0.0946,0.1532,0.1303,1
1.36,-0.5759,1.5493,0.9298,0.579,-0.0021,0.8128,0.0974,0.1524,0.1232,1
1.38,-0.3977,0.2303,1.1942,0.5785,-0.0079,0.8176,0.0961,0.1514,0.1193,1
1.4,-0.381,0.3838,1.2938,0.5777,-0.0062,0.8161,0.0953,0.1523,0.1751,1
1.42,-0.6077,0.3541,1.3612,0.58,-0.0049,0.8136,0.0949,0.1526,0.1702,1
1.44,-0.6198,0.2808,1.555,0.5797,-0.0117,0.8131,0.0942,0.1512,0.1576,1
1.46,-1.1037,0.291,1.3356,0.5804,-0.0125,0.8119,0.0959,0.1517,0.1389,1
1.48,-1.0254,0.4119,1.0228,0.5798,-0.0119,0.8111,0.097,0.1527,0.1406,1
1.5,-0.1968,0.9191,0.9187,0.5822,-0.0144,0.8132,0.0955,0.1515,0.1297,1
1.52,0.5357,1.2215,0.714,0.5834,-0.0145,0.8132,0.0965,0.1523,0.1263,1
1.54,0.746,0.8606,0.5998,0.5783,-0.0056,0.8132,0.096,0.1527,0.1279,1
1.56,0.2884,-0.2721,0.2808,0.5799,-0.0021,0.8163,0.0942,0.1522,0.145,1
1.58,-0.2087,-0.7823,0.4462,0.5803,-0.0011,0.8163,0.0944,0.1524,0.1582,1
1.6,-0.2781,-0.365,0.9787,0.5825,-0.0034,0.8129,0.0958,0.1525,0.1658,1
1.62,-0.2186,-0.154,1.2306,0.586,-0.0063,0.8121,0.095,0.1535,0.1499,1
1.64,0.1086,0.4547,1.3919,0.5786,-0.0146,0.8164,0.0951,0.1537,0.141,1
1.66,0.0743,1.497,1.3072,0.576,-0.0167,0.8186,0.0967,0.1536,0.1371,1
1.68,-0.0034,2.3554,1.1748,0.5778,-0.0101,0.8155,0.0981,0.1533,0.1287,1
1.7,-0.0701,1.5822,0.7482,0.5819,-0.012,0.8142,0.094,0.1519,0.1341,1
1.72,-0.0754,0.1717,0.1304,0.5829,-0.0102,0.8119,0.0943,0.1529,0.1272,1
1.74,-0.1533,-0.93,-0.0877,0.5799,-0.0102,0.8138,0.0939,0.1521,0.1223,1
1.76,-0.4307,-1.4439,0.2539,0.5806,-0.0049,0.8113,0.0938,0.1522,0.1443,1
1.78,-0.487,0.2864,-0.1927,0.5773,-0.0015,0.8153,0.0943,0.1521,0.1258,1
1.8,-0.009,0.8499,-0.3196,0.5813,-0.0079,0.8157,0.09,0.1536,0.1308,1
1.82,-0.1014,0.7716,-0.2177,0.5738,0.0009,0.8171,0.0931,0.1523,0.1625,1
1.84,-0.0434,-0.0727,0.0482,0.5782,-0.0027,0.8189,0.0906,0.1515,0.1178,1
1.86,-0.1856,-0.9005,1.6558,0.5794,-0.0067,0.8086,0.0937,0.151,0.1442,1
1.88,-0.1546,-1.1888,1.7296,0.5774,-0.003,0.8128,0.0949,0.1529,0.1105,1
1.9,-0.4223,-0.6583,1.3451,0.5801,-0.0119,0.8129,0.0912,0.1519,0.136,1
1.92,-0.7131,0.1311,0.5861,0.5823,-0.0161,0.8152,0.092,0.1538,0.1342,1
1.94,-0.7757,1.119,0.1947,0.5826,-0.0234,0.8198,0.0933,0.1527,0.13,1
1.96,-0.5025,1.5673,0.2926,0.5826,-0.0264,0.8158,0.0934,0.1537,0.1511,1
1.98,-0.2247,0.9024,-0.1343,0.5802,-0.0141,0.8156,0.0926,0.1531,0.1471,1
2.0,0.1537,0.1833,-0.2403,0.5732,-0.0055,0.8094,0.0932,0.1538,0.1533,1
2.02,0.3149,-0.1974,-0.184,0.5756,-0.0135,0.8135,0.0943,0.1526,0.1486,1
2.04,0.2471,-0.6363,-0.2,0.5771,-0.0047,0.8156,0.0942,0.152,0.1461,1
2.06,0.0158,-0.6474,0.1153,0.5796,-0.0003,0.8174,0.0938,0.1523,0.1431,1
2.08,0.2009,-0.0184,0.2856,0.584,0.0016,0.8163,0.0947,0.152,0.1584,1
2.1,0.1551,0.2112,-0.015,0.5829,-0.0056,0.8174,0.0951,0.1523,0.1509,1
2.12,-0.1015,0.4871,-0.1905,0.5813,-0.01,0.8109,0.0952,0.1523,0.1489,1
2.14,-0.0047,0.4947,-0.1239,0.581,-0.0078,0.8108,0.0952,0.1536,0.1593,1
2.16,0.187,-0.0883,-0.1681,0.5789,-0.0083,0.8173,0.0942,0.1536,0.1664,1
2.18,-0.0184,0.0656,-0.3034,0.5779,-0.011,0.8179,0.094,0.1535,0.1323,1
2.2,0.0525,0.7148,-0.5029,0.5767,-0.0107,0.8178,0.0957,0.1531,0.1229,1
2.22,0.1047,0.8211,-0.6068,0.5774,-0.0086,0.817,0.0961,0.1518,0.1549,1
2.24,0.0777,0.4744,-0.3106,0.5764,-0.0102,0.8164,0.0964,0.1525,0.1529,1
2.26,0.4294,-0.0303,0.0262,0.5769,-0.0085,0.8143,0.0949,0.1522,0.1367,1
2.28,0.2362,0.3375,0.3832,0.5789,-0.0096,0.8131,0.095,0.1537,0.1317,1
2.3,-0.3179,0.651,0.1492,0.579,-0.0083,0.8145,0.0961,0.1537,0.1602,1
2.32,-0.8198,0.9632,-0.2894,0.5799,-0.0071,0.8119,0.0973,0.1526,0.1517,1
2.34,-1.5364,0.8178,-0.3225,0.5766,-0.0101,0.8207,0.0961,0.1516,0.1768,1
2.36,-1.834,0.504,-0.1095,0.567,-0.0052,0.8275,0.097,0.1533,0.1486,1
2.38,-2.1073,0.9163,-0.4246,0.5632,-0.0048,0.8289,0.0964,0.1551,0.1736,1
2.4,-2.1686,0.8105,-1.0654,0.567,-0.0134,0.8256,0.0964,0.1534,0.126,1
2.42,-1.1221,0.2146,-1.4457,0.5777,-0.0166,0.8103,0.0956,0.153,0.1187,1
2.44,-0.142,-0.3151,-0.9366,0.5788,-0.0046,0.8089,0.0938,0.1536,0.1169,1
2.46,0.5002,-0.7369,-0.6901,0.5733,-0.0113,0.8165,0.0929,0.1537,0.1212,1
2.48,0.733,-1.0351,-0.1141,0.5758,-0.0135,0.8221,0.0951,0.1518,0.137,1
2.5,0.7321,0.3314,0.5188,0.5889,-0.0032,0.8008,0.0933,0.1531,0.114,1
2.52,1.3726,0.2462,-0.522,0.5888,-0.0196,0.8022,0.0973,0.1542,0.1394,1
2.54,2.3171,-0.2665,-1.3916,0.5887,-0.028,0.8109,0.0957,0.1519,0.1092,1
2.56,4.5956,0.1012,-1.1889,0.5838,-0.005,0.8146,0.0952,0.1549,0.131,1
2.58,5.178,-0.289,-0.8753,0.5775,-0.0076,0.8148,0.0927,0.1541,0.1103,1
2.6,4.5074,-0.4591,-0.1542,0.573,0.0112,0.8182,0.0963,0.1541,0.1288,1
2.62,2.4374,-0.4386,0.0745,0.5762,0.0122,0.8195,0.0938,0.1524,0.1691,1
2.64,-0.5559,-0.9677,-0.5218,0.5799,0.0204,0.8171,0.0958,0.1526,0.154,1
2.66,-2.4327,-0.25,0.2053,0.5846,0.0105,0.8122,0.0953,0.1521,0.1307,1
2.68,-3.4026,1.2118,0.7176,0.5804,0.0054,0.8116,0.0956,0.154,0.1458,1
2.7,-3.0018,2.6288,0.7165,0.576,0.0019,0.8164,0.0956,0.1531,0.1363,1
2.72,-2.1271,3.2531,0.5539,0.5701,-0.0017,0.8227,0.0962,0.1536,0.1479,1
2.74,-1.8199,2.8788,0.5726,0.5707,-0.0047,0.8171,0.0946,0.1527,0.1405,1
2.76,-1.4439,1.4034,-0.5701,0.5699,-0.0121,0.8234,0.0928,0.1528,0.1338,1
2.78,-0.6979,-0.2428,-1.4792,0.5712,-0.0153,0.8259,0.0956,0.1525,0.1365,1
2.8,-0.0959,-0.1878,-1.0486,0.5701,-0.009,0.8155,0.0972,0.1513,0.1256,1
2.82,0.6093,-0.7057,-0.6648,0.5736,-0.0018,0.8147,0.0967,0.1524,0.1251,1
2.84,0.7168,-0.2906,-0.0393,0.577,0.0019,0.8215,0.0974,0.1536,0.1276,1
2.86,0.3055,0.6123,0.7927,0.5768,0.0075,0.8208,0.097,0.1526,0.1413,1
2.88,-0.0454,0.9735,0.9926,0.5782,0.0094,0.8181,0.096,0.1528,0.1279,1
2.9,-0.6385,1.5649,0.7771,0.5751,0.0059,0.8161,0.0967,0.1538,0.1484,1
2.92,-1.2289,1.5558,0.7543,0.5733,0.0064,0.8165,0.0989,0.1554,0.1626,1
2.94,-1.0207,1.2415,0.7675,0.5708,-0.0013,0.8212,0.098,0.1561,0.1588,1
2.96,-0.9094,1.9354,0.6051,0.572,-0.005,0.8259,0.0964,0.1524,0.1355,1
2.98,-1.0157,2.1875,0.0075,0.5696,-0.004,0.8186,0.097,0.152,0.1152,1
3.0,-0.7454,1.4699,-0.5889,0.565,-0.0019,0.8217,0.0957,0.1518,0.1221,1
3.02,-0.656,1.2414,-0.5578,0.5692,-0.0064,0.8251,0.0953,0.1525,0.1271,1
3.04,-0.6379,1.3184,-0.4399,0.5785,-0.0097,0.8169,0.0947,0.1515,0.1177,1
3.06,-0.3102,0.6777,-0.5563,0.572,-0.0083,0.8171,0.0931,0.1503,0.1344,1
3.08,-0.1295,0.8224,-0.5458,0.5776,-0.011,0.8118,0.0945,0.1496,0.1461,1
3.1,-0.0656,1.6813,-0.7555,0.5787,-0.0008,0.8181,0.0925,0.1517,0.1507,1
3.12,-0.7571,-0.4449,0.5308,0.5668,0.0166,0.8256,0.095,0.1514,0.1515,1
3.14,-0.9704,-0.2333,1.376,0.5687,0.0149,0.827,0.0965,0.1538,0.1373,1
3.16,-0.954,-0.3367,1.391,0.5707,-0.0055,0.8309,0.0922,0.1514,0.1442,1
3.18,-0.8769,0.2893,1.8451,0.5668,-0.0032,0.8272,0.0961,0.1531,0.1673,1
3.2,0.5071,2.1259,2.5246,0.5699,-0.0007,0.8137,0.0923,0.1526,0.1362,1
3.22,0.9523,1.1257,2.2226,0.5686,0.0011,0.8215,0.0924,0.1535,0.1508,1
3.24,0.7659,0.7201,2.1581,0.5628,-0.0025,0.8292,0.0947,0.15,0.1632,1
3.26,0.4665,0.425,2.1211,0.5666,-0.0046,0.8246,0.0945,0.1473,0.1714,1
3.28,0.0307,-1.424,2.5036,0.5674,-0.0039,0.8256,0.0922,0.1485,0.1604,1
3.3,-0.0739,-1.6356,1.9934,0.5667,-0.0025,0.8292,0.0925,0.1472,0.1612,1
3.32,0.0243,-1.4595,1.8442,0.5697,-0.0087,0.8286,0.0908,0.1479,0.1548,1
3.34,0.4408,-0.7604,1.719,0.5718,-0.0131,0.8272,0.0934,0.1475,0.1339,1
3.36,0.5553,0.5157,1.6358,0.5704,-0.012,0.8255,0.0945,0.1473,0.1423,1
3.38,0.8448,0.9009,1.5839,0.5731,-0.0117,0.816,0.0929,0.1475,0.1237,1
3.4,0.6461,0.2107,1.3329,0.5703,-0.0075,0.8227,0.0928,0.1465,0.1266,1
3.42,-0.4205,0.2492,0.7112,0.5683,-0.0028,0.8276,0.0915,0.1465,0.131,1
3.44,-0.8678,-0.0072,0.2886,0.5732,-0.0048,0.8232,0.0915,0.147,0.1389,1
3.46,-1.3454,-0.5637,-0.2315,0.5692,-0.0079,0.828,0.0912,0.1468,0.1344,1
3.48,-1.38,-0.1888,-0.5744,0.5697,-0.0092,0.8248,0.0889,0.1466,0.1324,1
3.5,-0.9673,-0.0719,-0.3001,0.5723,-0.0083,0.8154,0.0885,0.1466,0.1361,1
3.52,-0.9045,-1.3034,0.2012,0.5669,-0.0091,0.8187,0.0888,0.147,0.1418,1
3.54,-0.5707,-1.3897,0.7505,0.5716,-0.012,0.8162,0.0878,0.1472,0.1541,1
3.56,-0.0322,-1.1476,0.6282,0.5783,-0.0128,0.814,0.0861,0.1462,0.1433,1
3.58,0.0281,-1.0909,0.285,0.5771,-0.0087,0.8223,0.0853,0.1463,0.133,1
3.6,-0.2829,-0.0354,0.2326,0.5762,-0.0047,0.8253,0.0851,0.1476,0.1193,1
3.62,-0.0857,0.5659,0.6249,0.5756,-0.0065,0.8192,0.0831,0.1475,0.1355,1
3.64,0.0013,0.3702,0.6174,0.5716,-0.0117,0.8218,0.0806,0.1468,0.1457,1
3.66,-0.1513,0.1874,0.7987,0.5703,-0.0003,0.8238,0.079,0.1484,0.1239,1
3.68,-0.5787,-0.1131,0.2215,0.5704,-0.0117,0.8117,0.0819,0.1481,0.1343,1
3.7,-0.9596,-2.2059,-0.359,0.5687,-0.0185,0.8204,0.0821,0.1481,0.1509,1
3.72,-1.1567,-2.9274,-0.4496,0.5701,-0.0115,0.8276,0.0847,0.1468,0.1401,1
3.74,-0.686,-1.6798,0.3478,0.5694,-0.0103,0.8303,0.0857,0.1486,0.1302,1
3.76,-0.0179,1.663,1.4667,0.5661,-0.0026,0.8243,0.0862,0.1462,0.1309,1
3.78,0.2752,1.803,1.718,0.5635,-0.0009,0.8298,0.0878,0.1508,0.1304,1
3.8,0.1415,0.7185,1.8598,0.5699,-0.0049,0.8142,0.0881,0.1489,0.1303,1
3.82,0.0066,-0.7934,1.3843,0.5794,-0.0131,0.8074,0.0885,0.1472,0.1451,1
3.84,-0.9621,1.492,-0.2108,0.5736,-0.0071,0.8227,0.0914,0.1462,0.17,1
3.86,-0.9574,2.729,-0.0357,0.5755,-0.0094,0.8216,0.0893,0.1455,0.1037,1
3.88,-0.7252,2.5269,-0.2793,0.5731,-0.0113,0.8184,0.0884,0.1479,0.1467,1
3.9,-0.4316,0.0132,-0.3948,0.5696,-0.0197,0.8303,0.0894,0.1479,0.1459,1
3.92,-0.4791,0.3843,0.0395,0.5749,-0.0071,0.8155,0.0912,0.1469,0.1281,1
3.94,-0.2173,0.1307,-0.1997,0.5697,-0.0039,0.8127,0.0931,0.1462,0.1279,1
3.96,-0.1248,-0.591,-0.2623,0.5706,-0.0074,0.8277,0.0938,0.1454,0.1243,1
3.98,0.4598,-1.3205,0.8152,0.5713,-0.006,0.8213,0.0903,0.147,0.1352,1
4.0,0.8818,-0.8102,1.2447,0.5696,-0.0095,0.8246,0.0903,0.1473,0.1326,1
4.02,0.9568,0.654,1.4003,0.5695,-0.0043,0.8293,0.0906,0.1472,0.1253,1
4.04,0.8517,1.7495,1.6481,0.5632,-0.0077,0.8244,0.0933,0.1473,0.1305,1
4.06,0.4142,0.6753,1.7367,0.5572,-0.0014,0.8277,0.094,0.1484,0.1558,1
4.08,-0.1215,-0.5381,1.764,0.5686,-0.0074,0.8161,0.0938,0.1464,0.128,1
4.1,-0.8802,-0.8496,1.4039,0.5745,-0.017,0.8142,0.0944,0.1472,0.1275,1
4.12,-1.4072,-0.5679,0.8539,0.5719,-0.0135,0.8313,0.0947,0.1491,0.1408,1
4.14,-1.0805,1.1035,1.2328,0.5794,-0.0163,0.8217,0.0935,0.1477,0.1386,1
4.16,-0.367,1.9277,1.3675,0.5802,-0.0183,0.8142,0.0928,0.1463,0.1536,1
4.18,-0.2043,1.4037,1.0022,0.5754,-0.0204,0.8139,0.0938,0.1463,0.1416,1
4.2,-0.1465,0.4395,0.6546,0.5766,-0.0233,0.8093,0.0951,0.148,0.1413,1
4.22,-0.2501,-0.0781,0.354,0.5717,-0.0226,0.8136,0.094,0.149,0.1437,1
4.24,-0.7339,-0.1357,0.4667,0.5655,-0.0117,0.8276,0.0933,0.1484,0.1592,1
4.26,-0.876,-0.0733,1.1522,0.5655,-0.0091,0.8287,0.0929,0.1463,0.1633,1
4.28,-0.7326,-0.5907,1.5527,0.5653,-0.0134,0.8266,0.0937,0.1458,0.1438,1
4.3,-0.5718,-0.764,1.295,0.5712,-0.0124,0.8223,0.0931,0.1471,0.1611,1
4.32,-0.8626,0.3825,0.1879,0.5744,-0.0193,0.8107,0.0937,0.1474,0.1381,1
4.34,-0.9973,0.8401,-0.6447,0.5718,-0.0187,0.8186,0.0935,0.1469,0.1522,1
4.36,-0.7168,1.5776,-0.7134,0.5675,-0.017,0.8323,0.0935,0.1459,0.1372,1
4.38,-0.1195,2.1614,-0.4574,0.5667,-0.0178,0.8284,0.0931,0.1459,0.1405,1
4.4,0.2463,0.4306,-0.3956,0.5649,-0.0099,0.8314,0.0927,0.1467,0.1429,1
4.42,0.3258,-0.8126,-0.1925,0.5651,-0.0084,0.83,0.0936,0.1461,0.1441,1
4.44,-0.0779,0.0354,-0.3256,0.5724,-0.0114,0.8138,0.0941,0.1468,0.1673,1
4.46,-0.6284,-0.585,-1.3535,0.5667,-0.0167,0.8212,0.0931,0.1471,0.1398,1
4.48,-0.4959,0.0703,-1.2652,0.5645,-0.011,0.8258,0.0915,0.1475,0.14,1
4.5,-0.2885,0.4329,-0.4823,0.5662,-0.0068,0.8236,0.0925,0.1479,0.1438,1
4.52,-0.1047,0.8089,-0.3422,0.5694,-0.0145,0.8222,0.0943,0.1475,0.1416,1
4.54,0.3297,-0.1181,0.18,0.5653,-0.005,0.8322,0.0949,0.1471,0.1617,1
4.56,0.1671,-0.1069,0.2814,0.5744,-0.0084,0.817,0.094,0.1468,0.1557,1
4.58,-0.0944,0.0081,0.1157,0.5752,-0.0202,0.8118,0.0941,0.1475,0.1451,1
4.6,-0.4843,0.6387,-0.6981,0.5729,-0.0099,0.822,0.0927,0.1481,0.1158,1
4.62,-0.5688,1.4786,-0.5147,0.5672,-0.0184,0.8284,0.0949,0.1468,0.1486,1
4.64,-0.2697,1.3651,0.3124,0.573,-0.0057,0.8186,0.0936,0.1479,0.1165,1
4.66,-0.3679,0.073,1.097,0.5753,-0.0017,0.8169,0.0923,0.1467,0.1185,1
4.68,-0.2125,-1.2994,1.2953,0.5684,-0.0149,0.8363,0.0957,0.1475,0.1415,1
4.7,-0.0357,0.0811,1.2325,0.5669,-0.0076,0.83,0.0916,0.1464,0.1432,1
4.72,0.3966,1.2989,1.2013,0.5663,-0.0124,0.8216,0.0924,0.1469,0.144,1
4.74,0.3536,1.0844,1.0474,0.5613,-0.0134,0.8219,0.0951,0.1474,0.1286,1
4.76,-0.4896,0.4133,0.5692,0.565,-0.0049,0.8159,0.096,0.1481,0.1527,1
4.78,-0.9033,0.5881,0.5552,0.5654,-0.0137,0.8116,0.0935,0.1476,0.1578,1
4.8,-1.0798,-0.9164,-0.0281,0.5632,-0.0166,0.8213,0.0953,0.1481,0.1568,1
4.82,-0.2217,-1.5071,-0.5263,0.5669,-0.0176,0.8365,0.0952,0.1468,0.147,1
4.84,0.449,-0.6393,0.0207,0.5721,-0.0122,0.8283,0.0944,0.148,0.1506,1
4.86,0.9169,-0.0964,0.6942,0.5716,-0.0036,0.8164,0.0964,0.1476,0.1351,1
4.88,0.7967,-0.8444,1.5104,0.5728,-0.0051,0.8142,0.0953,0.1473,0.1348,1
4.9,0.1625,-1.0613,2.0444,0.5865,-0.0151,0.8039,0.0941,0.1468,0.126,1
4.92,-0.6396,-1.6861,1.5348,0.5814,-0.0214,0.8067,0.0939,0.1461,0.1343,1
4.94,-1.1949,-1.6615,0.3892,0.5685,-0.0235,0.8226,0.0944,0.1455,0.1566,1
4.96,-0.7543,0.4802,-0.3174,0.5666,-0.0134,0.8276,0.0958,0.1485,0.1388,1
4.98,-0.424,2.0971,0.3864,0.5793,-0.0032,0.8108,0.0941,0.1499,0.1248,1
5.0,-1.3541,1.1299,0.6493,0.582,-0.0072,0.7964,0.0937,0.1495,0.1289,1
5.02,-2.5047,-1.4138,-0.7331,0.5778,-0.0204,0.8086,0.0944,0.1508,0.1322,1
5.04,-2.3707,-2.4047,-1.2676,0.5733,-0.0217,0.8263,0.0949,0.1513,0.1388,1
5.06,-1.5033,-1.3247,-0.3299,0.5741,-0.0148,0.8298,0.0948,0.1501,0.1501,1
5.08,-0.6675,-0.3459,0.5794,0.577,-0.007,0.8274,0.0957,0.1502,0.1396,1
5.1,0.2199,-0.5294,1.651,0.5723,-0.0069,0.8286,0.0946,0.151,0.126,1
5.12,0.2714,0.1015,1.9122,0.5692,-0.0104,0.828,0.0956,0.1527,0.1249,1
5.14,-0.5312,1.134,1.1502,0.5611,-0.0135,0.8257,0.0948,0.1524,0.1544,1
5.16,-0.8281,1.672,0.3862,0.5612,-0.0195,0.8226,0.0934,0.1541,0.1691,1
5.18,-1.0026,1.4124,-0.2745,0.5605,-0.0154,0.8269,0.0936,0.1545,0.156,1
5.2,-0.813,1.0018,-0.1602,0.5619,-0.0184,0.8189,0.0913,0.1532,0.1594,1
5.22,-0.278,0.8404,-0.0048,0.5672,-0.0165,0.8187,0.0928,0.1525,0.1098,1
5.24,-0.4944,-0.6452,-0.6484,0.5676,-0.0175,0.8282,0.0929,0.1514,0.147,1
5.26,-0.6052,-1.014,-0.8699,0.5636,-0.0161,0.8326,0.0921,0.1518,0.16,1
5.28,-0.7013,-0.5289,-0.5906,0.5675,-0.0239,0.8306,0.0936,0.1534,0.1871,1
5.3,-0.4184,-0.1125,-0.5038,0.5722,-0.0151,0.8289,0.0949,0.1537,0.117,1
5.32,0.1297,-0.0455,0.2331,0.5685,-0.0061,0.822,0.0959,0.1524,0.1586,1
5.34,0.1564,-1.1036,0.8668,0.571,-0.0232,0.8172,0.0942,0.1522,0.1523,1
5.36,0.2628,-0.8183,0.8502,0.5752,-0.0185,0.8171,0.0939,0.1527,0.1148,1
5.38,0.4139,-0.4972,0.0846,0.5737,-0.018,0.8216,0.0945,0.1521,0.1282,1
5.4,0.3833,0.1918,-0.0785,0.5725,-0.0124,0.8208,0.0946,0.1533,0.1646,1
5.42,0.1633,0.7149,-0.3992,0.5767,-0.0143,0.8181,0.0934,0.1536,0.1378,1
5.44,0.1536,0.1694,-0.1854,0.5747,-0.0067,0.8173,0.0917,0.1524,0.159,1
5.46,-0.0639,-0.8232,0.5464,0.5725,-0.0074,0.8188,0.0909,0.1499,0.1382,1
5.48,-0.0692,-0.3113,0.7114,0.5755,-0.008,0.8144,0.0923,0.1534,0.1534,1
5.5,-0.56,0.0295,0.6174,0.5794,-0.0169,0.8129,0.0929,0.1544,0.1584,1
5.52,-0.4339,-0.2546,0.1965,0.574,-0.0112,0.8186,0.0923,0.1536,0.1397,1
5.54,-0.2775,1.01,0.4078,0.5731,-0.0064,0.8204,0.092,0.1527,0.1471,1
5.56,0.112,1.4796,0.2564,0.5778,-0.0185,0.8165,0.0922,0.1528,0.1558,1
5.58,0.3007,1.4026,0.1387,0.5727,-0.02,0.8189,0.0918,0.1528,0.16,1
5.6,0.0529,0.2879,0.0638,0.5648,-0.0189,0.8221,0.0928,0.1528,0.1533,1
5.62,0.0441,0.9748,0.1348,0.5731,-0.0151,0.8238,0.0926,0.1532,0.1625,1
5.64,0.2114,1.5171,-0.0893,0.5749,-0.0186,0.8207,0.0932,0.1537,0.132,1
5.66,-0.0424,1.2902,-0.2729,0.5707,-0.0176,0.8219,0.0936,0.1526,0.1502,1
5.68,-0.2037,0.4829,-0.2876,0.565,-0.009,0.823,0.0932,0.1526,0.1514,1
5.7,0.0994,0.3044,-0.2402,0.5686,-0.0101,0.8242,0.0953,0.1525,0.1487,1
5.72,0.258,0.782,-0.2994,0.5709,-0.0146,0.8242,0.0965,0.1535,0.1497,1
5.74,0.2036,1.0566,-0.3067,0.5685,-0.013,0.8245,0.0954,0.1528,0.1606,1
5.76,0.2966,0.9381,-0.3089,0.5659,-0.008,0.8256,0.0941,0.1521,0.1539,1
5.78,0.5719,1.0469,-0.0452,0.5657,-0.0151,0.8242,0.0935,0.1521,0.1462,1
5.8,0.5489,0.5179,0.0721,0.567,-0.0178,0.8258,0.095,0.1516,0.1524,1
5.82,0.598,0.4123,0.0742,0.5663,-0.0136,0.8299,0.0944,0.1526,0.1533,1
5.84,0.4419,1.7838,0.0129,0.5619,-0.0127,0.8285,0.0936,0.1529,0.1652,1
5.86,0.1453,2.0109,0.0173,0.5647,-0.0093,0.8238,0.0923,0.1521,0.1687,1
5.88,-0.1681,0.3542,-0.066,0.5713,-0.0025,0.8216,0.0937,0.1511,0.1514,1
5.9,-0.6172,-0.4664,-0.3829,0.5711,-0.0086,0.8192,0.095,0.1501,0.148,1
5.92,-0.5096,-0.2411,-0.4309,0.5671,-0.0128,0.819,0.0956,0.151,0.1535,1
5.94,-0.3202,-0.4623,-0.2204,0.5661,-0.0104,0.8174,0.0945,0.1521,0.1451,1
5.96,0.3315,-1.2135,0.1694,0.5688,-0.0112,0.8216,0.0939,0.1512,0.1649,1
5.98,0.0168,-1.4525,0.2973,0.5733,-0.0123,0.8254,0.0926,0.1513,0.1614,1
6.0,-0.2508,-0.9042,0.0242,0.5761,-0.0147,0.8249,0.0904,0.1502,0.1539,1
6.02,-0.424,0.2252,0.1889,0.5723,-0.0094,0.8236,0.0908,0.1503,0.1498,1
6.04,-0.7236,0.309,0.3217,0.5681,-0.0116,0.8231,0.0922,0.1496,0.1497,1
6.06,-0.8283,-0.2769,0.6244,0.5691,-0.0075,0.8259,0.0932,0.1506,0.152,1
6.08,-0.5652,-0.3913,0.6016,0.57,-0.0071,0.8274,0.0925,0.1527,0.159,1
6.1,-0.5591,0.1199,0.3984,0.5674,-0.0072,0.8261,0.0931,0.1522,0.171,1
6.12,-0.6266,-0.2666,0.1254,0.5701,-0.0072,0.8222,0.0913,0.1537,0.1531,1
6.14,-0.5308,-0.0772,0.1999,0.5693,-0.0152,0.8227,0.0914,0.151,0.1577,1
6.16,-0.268,-0.1328,0.3368,0.5708,-0.0146,0.8267,0.0911,0.1529,0.1405,1
6.18,0.0047,0.5439,0.5797,0.5685,-0.0174,0.8241,0.0934,0.1517,0.1317,1
6.2,-0.2009,0.0325,0.4801,0.5688,-0.0123,0.8242,0.0916,0.1524,0.145,1
6.22,0.0342,-0.2417,0.4967,0.5686,-0.0093,0.8265,0.0902,0.1535,0.1481,1
6.24,-0.2729,0.0036,0.4987,0.5669,-0.0122,0.8227,0.0909,0.1501,0.1862,1
6.26,-0.2229,0.6265,0.5487,0.5727,-0.0065,0.8231,0.0895,0.1496,0.1552,1
6.28,-0.3976,0.176,0.4733,0.5642,-0.0007,0.8223,0.0897,0.1525,0.137,1
6.3,0.0676,-0.1877,0.364,0.5676,-0.0132,0.819,0.0922,0.1508,0.1307,1
6.32,0.0113,-0.746,0.6103,0.573,-0.0128,0.8308,0.0865,0.1508,0.1209,1
6.34,-0.461,-0.5066,0.4835,0.5707,-0.0128,0.8241,0.0866,0.1512,0.1512,1
6.36,-0.568,-0.0144,0.4059,0.5698,-0.0175,0.819,0.0862,0.1506,0.1451,1
6.38,-0.6731,-1.3181,-0.1922,0.5717,-0.0173,0.8262,0.0843,0.1528,0.133,1
6.4,-0.2204,-1.0695,-0.1409,0.5736,-0.0143,0.8199,0.0851,0.1502,0.1434,1
6.42,0.0174,-0.01,-0.199,0.5743,-0.0128,0.8162,0.0842,0.1503,0.1707,1
6.44,0.3173,0.3916,-0.3099,0.5717,-0.015,0.818,0.0865,0.1512,0.1565,1
6.46,-0.3675,0.1686,0.3228,0.5716,-0.0067,0.8235,0.0845,0.1503,0.169,1
6.48,-1.2508,-0.7151,0.7094,0.5718,-0.003,0.818,0.084,0.1511,0.158,1
6.5,-1.7199,-1.6353,0.4536,0.5763,-0.0101,0.8148,0.0839,0.1508,0.1409,1
6.52,-1.1865,-1.9359,0.2326,0.5732,-0.0079,0.8167,0.0839,0.1507,0.1481,1
6.54,0.0321,-0.454,0.4629,0.5761,-0.0109,0.8173,0.0818,0.1515,0.1614,1
6.56,0.5438,-0.1651,0.573,0.5735,-0.0137,0.8174,0.0837,0.1506,0.1208,1
6.58,0.3644,0.2815,0.5674,0.5736,-0.013,0.82,0.0864,0.1518,0.1493,1
6.6,0.3472,0.5579,0.5265,0.5732,-0.008,0.816,0.0846,0.152,0.1246,1
6.62,0.2339,0.2164,0.3158,0.5714,-0.0033,0.8176,0.0861,0.1513,0.1452,1
6.64,0.0503,-0.273,0.2171,0.5726,-0.0071,0.8224,0.0874,0.1525,0.1576,1
6.66,-0.1748,-0.4809,0.2986,0.5725,-0.0127,0.8214,0.0884,0.1525,0.1288,1
6.68,-0.1956,0.3219,0.1704,0.5733,-0.0088,0.8199,0.0888,0.1512,0.1173,1
6.7,0.1097,0.6322,0.2083,0.5752,-0.015,0.8212,0.0886,0.1522,0.1238,1
6.72,-0.0285,1.0268,0.2295,0.5738,-0.0203,0.8199,0.0884,0.1523,0.1285,1
6.74,-0.6108,0.701,0.241,0.5695,-0.0131,0.8201,0.0897,0.1521,0.118,1
6.76,-0.6736,0.6288,0.0023,0.5693,-0.0153,0.8227,0.0921,0.1528,0.1299,1
6.78,-0.4506,0.3436,-0.2498,0.5695,-0.0163,0.8241,0.093,0.1524,0.1531,1
6.8,-0.0453,-0.3484,-0.083,0.5705,-0.0162,0.8225,0.0921,0.1516,0.169,1
6.82,0.2994,-0.0843,0.4812,0.5704,-0.0116,0.8215,0.0922,0.1518,0.1609,1
6.84,0.2231,0.3791,0.6346,0.5699,-0.0115,0.822,0.0921,0.1527,0.152,1
6.86,-0.1521,0.4828,0.5578,0.57,-0.0096,0.8203,0.0929,0.1535,0.1639,1
6.88,-0.0169,-0.4671,0.1772,0.5677,-0.01,0.8197,0.0939,0.1526,0.1541,1
6.9,0.2676,-0.4924,0.0373,0.5705,-0.0077,0.8219,0.095,0.1525,0.1364,1
6.92,0.2291,0.8257,0.1897,0.5759,-0.0011,0.822,0.0951,0.1523,0.136,1
6.94,-0.1887,1.9935,0.2622,0.5723,-0.0019,0.8236,0.0934,0.1529,0.1294,1
6.96,-0.4422,1.8202,0.1955,0.569,-0.0077,0.8233,0.0926,0.1531,0.1396,1
6.98,-0.3091,0.2428,0.0295,0.5745,-0.0134,0.8154,0.0935,0.1538,0.153,1
7.0,-0.6447,-1.1826,0.2504,0.5779,-0.0162,0.8117,0.0931,0.1541,0.1598,1
7.02,-0.2508,0.702,0.3981,0.5756,-0.0102,0.8156,0.092,0.1532,0.1692,1
7.04,0.6076,1.2991,1.2557,0.5761,-0.0003,0.821,0.0918,0.1514,0.1611,1
7.06,0.5972,0.4007,1.5621,0.5718,-0.0075,0.8268,0.0917,0.1519,0.1418,1
7.08,0.5653,0.5808,0.9684,0.566,-0.0102,0.8319,0.0933,0.1507,0.156,1
7.1,-0.0265,1.5434,-0.4523,0.5643,-0.0132,0.8308,0.0931,0.1515,0.1667,1
7.12,-0.4871,2.0089,-0.8661,0.5612,-0.0156,0.8263,0.0928,0.1517,0.1556,1
7.14,-0.7537,2.0182,-0.5828,0.5615,-0.0118,0.8202,0.0948,0.1531,0.1459,1
7.16,-0.7303,-0.1227,-0.4387,0.5658,-0.0151,0.8174,0.0952,0.1531,0.1402,1
7.18,-0.3613,-1.5691,0.0303,0.57,-0.0088,0.8209,0.0927,0.1561,0.1581,1
7.2,-0.2945,-2.021,0.3532,0.5736,-0.0093,0.824,0.0916,0.1541,0.1648,1
7.22,-0.1696,-1.5064,0.2271,0.5772,-0.0113,0.8268,0.0896,0.1517,0.1738,1
7.24,-0.453,0.873,0.0635,0.5714,-0.0093,0.8268,0.0908,0.1532,0.1428,1
7.26,-0.3811,1.7837,-0.0357,0.5686,-0.0119,0.8236,0.0935,0.1533,0.1368,1
7.28,-0.7554,1.7457,-0.1293,0.5679,-0.0086,0.8188,0.0939,0.1544,0.1614,1
7.3,-0.8354,0.5939,-0.1831,0.5716,-0.0145,0.8189,0.0924,0.1537,0.1471,1
7.32,-0.4023,0.2347,-0.1162,0.5717,-0.0114,0.8194,0.091,0.1526,0.1413,1
7.34,-0.4997,-0.6451,-0.1737,0.5724,-0.0071,0.8196,0.0925,0.152,0.1507,1
7.36,-0.2158,-0.7989,-0.2264,0.5717,-0.0107,0.8235,0.0901,0.1525,0.1582,1
7.38,-0.0781,-0.5733,-0.1122,0.5707,-0.0112,0.8241,0.0917,0.153,0.1457,1
7.4,0.3302,0.3233,0.0218,0.5718,-0.0089,0.8271,0.0916,0.1532,0.1572,1
7.42,0.5298,0.6217,0.3935,0.5651,-0.0102,0.8229,0.0926,0.1531,0.153,1
7.44,0.1148,1.1172,0.0947,0.5691,-0.0093,0.8221,0.0913,0.1517,0.1461,1
7.46,-0.2915,0.9837,0.096,0.5642,-0.0101,0.8274,0.0925,0.1532,0.1539,1
7.48,-0.1048,0.7611,0.1334,0.5664,-0.0151,0.825,0.0905,0.1524,0.1902,1
7.5,-0.1676,0.2223,0.1665,0.5653,-0.0148,0.8278,0.0915,0.1531,0.1298,1
7.52,0.0867,-0.8658,0.3653,0.567,-0.0118,0.8288,0.092,0.1537,0.1569,1
7.54,-0.2368,-1.2132,0.1477,0.5653,-0.0086,0.829,0.0916,0.1532,0.1491,1
7.56,-0.135,-0.2589,0.1594,0.5673,-0.0031,0.8284,0.093,0.154,0.1185,1
7.58,-0.2175,-0.1501,0.3622,0.5677,-0.0131,0.826,0.0924,0.1528,0.1555,1
7.6,-0.0042,-0.1761,0.747,0.5686,-0.0157,0.8273,0.094,0.1527,0.141,1
7.62,0.1241,1.3539,0.4911,0.5663,-0.0145,0.8219,0.0944,0.1541,0.1474,1
7.64,0.339,0.6059,0.54,0.5662,-0.0045,0.823,0.0913,0.1537,0.1413,1
7.66,-0.024,-0.1229,0.2704,0.5675,-0.0084,0.8273,0.0936,0.1553,0.1496,1
7.68,-0.4397,-0.0873,0.1289,0.5696,-0.0113,0.8307,0.0931,0.153,0.1482,1
7.7,-0.7765,0.2292,-0.0083,0.5673,-0.0134,0.8274,0.0925,0.152,0.1663,1
7.72,-1.0253,0.516,-0.0065,0.5662,-0.003,0.8252,0.0922,0.1528,0.1531,1
7.74,-0.6499,0.6889,0.1617,0.5696,-0.0075,0.8211,0.0916,0.154,0.1658,1
7.76,-1.2099,0.5851,0.2118,0.5733,-0.0152,0.8212,0.0917,0.1542,0.1456,1
7.78,-1.3443,0.538,0.1696,0.5692,-0.0105,0.8235,0.0908,0.1526,0.1422,1
7.8,-1.0479,0.8489,0.3793,0.5636,-0.0106,0.8262,0.0925,0.1514,0.1376,1
7.82,-0.9882,0.4652,0.1186,0.5674,-0.012,0.8292,0.0933,0.1503,0.1485,1
7.84,-0.5081,0.4119,0.1017,0.5665,-0.0164,0.8223,0.0938,0.1512,0.1377,1
7.86,-0.2626,0.1836,0.0843,0.5693,-0.0179,0.8165,0.0907,0.1524,0.1355,1
7.88,0.3925,-1.7204,0.3953,0.5717,-0.0161,0.8308,0.0927,0.153,0.1512,1
7.9,0.6702,-1.079,0.4538,0.5762,-0.0234,0.8214,0.0928,0.1523,0.16,1
7.92,0.7467,-0.4746,0.2589,0.574,-0.0185,0.8196,0.0941,0.1501,0.1535,1
7.94,0.7941,-0.3317,0.0461,0.5643,-0.0086,0.8283,0.0938,0.1512,0.1426,1
7.96,0.5171,0.9228,-0.0675,0.5631,-0.0044,0.8333,0.0936,0.1499,0.1311,1
7.98,0.4944,0.8473,0.1552,0.5655,-0.0,0.8303,0.0924,0.1503,0.141,1
8.0,0.2272,0.3841,0.492,0.5634,-0.0025,0.8272,0.0926,0.1513,0.1555,1
8.02,-0.0835,-0.2376,0.5821,0.5645,-0.0073,0.8274,0.0932,0.152,0.1539,1
8.04,-0.7552,0.4731,0.4318,0.5638,-0.0136,0.8225,0.0945,0.1535,0.1462,1
8.06,-0.6943,1.1575,0.2325,0.5622,-0.0123,0.8169,0.0937,0.152,0.1266,1
8.08,-0.4088,0.5369,0.0484,0.566,-0.0109,0.8251,0.0911,0.1505,0.1296,1
8.1,0.0641,-0.4728,0.1266,0.5613,-0.0113,0.8358,0.0936,0.1505,0.1224,1
8.12,0.4516,0.0666,0.2802,0.5627,-0.016,0.8332,0.0928,0.1516,0.1331,1
8.14,0.5007,0.6343,0.1565,0.571,-0.0181,0.8272,0.0908,0.1514,0.1559,1
8.16,0.1526,-0.0516,0.113,0.5727,-0.0146,0.8226,0.0922,0.1513,0.1546,1
8.18,-0.277,-0.8123,0.2581,0.5717,-0.0087,0.8162,0.0929,0.1503,0.1557,1
8.2,-0.2806,-1.4181,0.4521,0.5706,-0.0101,0.8201,0.092,0.151,0.1555,1
8.22,-0.3684,-1.0084,0.5891,0.5709,-0.0136,0.825,0.0928,0.1519,0.1431,1
8.24,-0.1625,0.4016,0.3625,0.5698,-0.01,0.8245,0.0938,0.1512,0.1421,1
8.26,0.0992,1.0288,0.1877,0.5658,-0.0066,0.8275,0.0937,0.1518,0.1428,1
8.28,0.1233,0.9903,0.2817,0.5639,-0.0072,0.8321,0.0939,0.152,0.1414,1
8.3,-0.0757,0.7121,0.4952,0.5651,-0.0153,0.8299,0.0933,0.1509,0.1523,1
8.32,-0.5805,0.2766,0.5227,0.5634,-0.0137,0.8215,0.0933,0.1508,0.1474,1
8.34,-0.8342,-0.1617,0.5201,0.5633,-0.0121,0.8189,0.0943,0.151,0.138,1
8.36,-0.7784,-0.6537,0.5852,0.5664,-0.0136,0.8213,0.0943,0.1504,0.1633,1
8.38,-0.485,-0.44,0.4726,0.5676,-0.0127,0.8256,0.0945,0.1495,0.1757,1
8.4,-0.1716,-0.2323,0.3466,0.5674,-0.0156,0.8305,0.0941,0.1504,0.1664,1
8.42,0.2015,0.3522,0.303,0.5646,-0.0169,0.8336,0.0934,0.1522,0.1486,1
8.44,0.4356,0.8687,0.2185,0.5618,-0.0108,0.8308,0.0938,0.1516,0.1549,1
8.46,0.3178,0.6053,0.2302,0.5637,-0.0078,0.8245,0.0923,0.1507,0.1553,1
8.48,0.0416,0.0104,0.2139,0.5663,-0.0052,0.8223,0.0936,0.1502,0.1678,1
8.5,-0.3433,-0.3315,0.2694,0.5672,-0.0043,0.8257,0.0945,0.1503,0.1689,1
8.52,-0.3122,-0.0661,0.1702,0.5659,-0.0087,0.8277,0.0933,0.1509,0.1659,1
8.54,-0.1042,0.3205,0.1074,0.5682,-0.0084,0.8271,0.0937,0.1507,0.168,1
8.56,0.0351,0.3161,0.2596,0.5676,-0.0106,0.8273,0.0932,0.1512,0.179,1
8.58,0.2875,0.3012,0.3528,0.5656,-0.0146,0.8275,0.0939,0.1525,0.1728,1
8.6,0.412,0.3401,0.4323,0.5667,-0.0109,0.8249,0.0942,0.1518,0.1625,1
8.62,0.1522,0.5138,0.5008,0.5671,-0.0095,0.8222,0.0947,0.151,0.1474,1
8.64,-0.0481,0.6844,0.3268,0.5661,-0.0095,0.8229,0.0963,0.1512,0.1367,1
8.66,-0.0164,-0.0455,0.4228,0.5614,-0.0122,0.8294,0.0968,0.1489,0.1452,1
8.68,0.3988,-0.249,0.389,0.5591,-0.0116,0.8348,0.0984,0.1495,0.1558,1
8.7,0.612,-0.1477,0.1994,0.5634,-0.0134,0.833,0.098,0.1498,0.1497,1
8.72,0.541,0.087,0.1824,0.5663,-0.0121,0.8263,0.0958,0.1494,0.1436,1
8.74,0.4342,0.0412,0.1459,0.5671,-0.0108,0.8253,0.0945,0.1493,0.1702,1
8.76,0.2449,0.0446,0.1505,0.5686,-0.0082,0.8298,0.0951,0.1498,0.1738,1
8.78,0.0097,0.1621,0.2633,0.5687,-0.0105,0.8294,0.0944,0.1498,0.1609,1
8.8,-0.2118,-0.0657,0.4016,0.565,-0.0095,0.8276,0.0961,0.1488,0.1555,1
8.82,-0.4132,-0.1508,0.2534,0.564,-0.0095,0.8291,0.0977,0.1489,0.1586,1
8.84,-0.4535,-0.0536,0.1315,0.5638,-0.0073,0.8321,0.0984,0.1508,0.1477,1
8.86,-0.1627,0.0921,-0.036,0.5625,-0.0048,0.8305,0.0969,0.1492,0.152,1
8.88,-0.095,0.0613,0.3686,0.566,-0.0129,0.823,0.0979,0.1493,0.1655,1
8.9,-0.206,-0.1249,0.3367,0.566,-0.0136,0.8208,0.0973,0.1487,0.1547,1
8.92,-0.1418,-0.471,0.2532,0.5645,-0.01,0.8257,0.0956,0.1483,0.1724,1
8.94,-0.2275,-1.0293,0.3487,0.5647,-0.0084,0.8312,0.0976,0.1476,0.1621,1
8.96,0.1741,-0.1149,0.2258,0.5632,-0.0088,0.8259,0.0973,0.1483,0.1643,1
8.98,0.0017,0.5369,0.3205,0.5668,-0.0101,0.818,0.0965,0.1491,0.1733,1
9.0,-0.1739,0.9562,0.0436,0.5664,-0.0073,0.8205,0.0979,0.1498,0.1843,1
9.02,-0.4417,1.0472,0.0479,0.5678,-0.0054,0.8245,0.0972,0.1497,0.1787,1
9.04,-0.5045,0.4726,0.0669,0.5656,-0.0048,0.8343,0.0945,0.1481,0.1406,1
9.06,-0.2956,0.0546,0.2595,0.5637,-0.004,0.8332,0.0981,0.1486,0.1349,1
9.08,-0.3388,-0.16,0.2058,0.5665,-0.012,0.8334,0.0979,0.1493,0.1403,1
9.1,-0.2474,-0.4119,0.0771,0.5631,-0.0076,0.8322,0.0988,0.1496,0.1541,1
9.12,0.1903,-0.5403,0.5251,0.5677,-0.0093,0.8251,0.0981,0.1486,0.1603,1
9.14,0.2498,-0.5232,0.7304,0.5652,-0.0143,0.8246,0.0972,0.1499,0.1463,1
9.16,-0.0551,-0.4608,0.4546,0.5656,-0.0094,0.8265,0.0977,0.1495,0.1621,1
9.18,-0.2755,-0.4392,0.2434,0.5637,-0.0088,0.8192,0.0989,0.1492,0.158,1
9.2,-0.0409,-0.7578,0.1783,0.5636,-0.0126,0.8212,0.0967,0.1495,0.1486,1
9.22,-0.0685,-0.7703,0.2432,0.5646,-0.0183,0.8306,0.0955,0.1486,0.1603,1
9.24,0.3334,-0.404,0.3338,0.5631,-0.0117,0.8291,0.0955,0.1496,0.1577,1
9.26,0.386,-0.4073,0.2648,0.5626,-0.0032,0.8304,0.0947,0.1492,0.1687,1
9.28,0.1729,-0.8051,0.2267,0.5655,-0.0054,0.8305,0.0924,0.1503,0.1658,1
9.3,-0.1085,-0.8291,0.3361,0.5677,-0.0047,0.8273,0.0941,0.151,0.1566,1
9.32,-0.3814,-0.6843,0.55,0.5636,-0.0102,0.8236,0.093,0.1505,0.1399,1
9.34,-0.8169,-0.2128,0.652,0.5648,-0.0073,0.8232,0.094,0.1497,0.1703,1
9.36,-0.8409,-0.5611,0.6883,0.566,-0.0066,0.8249,0.094,0.1497,0.1614,1
9.38,-0.8171,-0.5011,0.4725,0.5681,-0.0061,0.8274,0.0916,0.1502,0.157,1
9.4,-0.3797,0.391,0.4903,0.5687,-0.0101,0.823,0.0927,0.1495,0.1702,1
9.42,-0.0232,0.5445,0.6192,0.5675,-0.0104,0.8222,0.093,0.1504,0.1717,1
9.44,0.1906,0.2541,0.799,0.5662,-0.012,0.8252,0.0929,0.1514,0.1532,1
9.46,-0.1975,-1.4713,0.9104,0.5669,-0.0098,0.8189,0.0911,0.1523,0.1645,1
9.48,-0.3345,-1.2945,0.66,0.5689,-0.0083,0.8226,0.0896,0.1511,0.1531,1
9.5,-0.4321,-0.6613,0.8367,0.5684,-0.0068,0.824,0.0897,0.1501,0.1619,1
9.52,-0.3376,-0.3708,0.6279,0.5695,-0.0044,0.8222,0.0916,0.1521,0.1408,1
9.54,-0.5425,-0.7468,0.5061,0.5713,-0.0092,0.819,0.0878,0.1513,0.135,1
9.56,-0.3046,-1.1625,0.5675,0.5725,-0.0056,0.8251,0.085,0.1505,0.1641,1
9.58,-0.6549,-0.7691,0.5088,0.5737,-0.0099,0.8255,0.0835,0.1513,0.1541,1
9.6,-0.9267,0.1644,0.336,0.5699,-0.0105,0.8192,0.0845,0.1526,0.1476,1
9.62,-1.0812,0.2819,0.2952,0.5676,-0.0059,0.8206,0.083,0.1528,0.1307,1
9.64,-0.938,-0.0918,0.3417,0.5678,-0.0114,0.8215,0.0815,0.1524,0.1752,1
9.66,-0.8117,-0.4497,0.0229,0.5686,-0.015,0.8203,0.0809,0.1508,0.1579,1
9.68,-0.4137,-0.0169,0.4514,0.5706,-0.0219,0.8235,0.0821,0.1511,0.1488,1
9.7,-0.2571,0.2267,0.5564,0.5752,-0.0164,0.8213,0.0803,0.1507,0.1621,1
9.72,0.1869,1.0189,0.5513,0.573,-0.0135,0.82,0.0796,0.1526,0.1436,1
9.74,0.1722,0.5562,0.3682,0.5684,-0.0117,0.8177,0.0822,0.1526,0.1474,1
9.76,0.1634,0.3865,0.1551,0.5674,-0.0108,0.8241,0.0833,0.1513,0.1317,1
9.78,0.074,-0.2549,0.1388,0.5692,-0.0095,0.8257,0.0851,0.1515,0.1311,1
9.8,-0.3803,-0.3812,0.3186,0.5695,-0.0099,0.8213,0.0829,0.1524,0.1563,1
9.82,-0.2254,-0.1399,0.4556,0.5704,-0.0045,0.8268,0.0847,0.1541,0.147,1
9.84,-0.3161,-0.1966,0.2774,0.5693,-0.0099,0.8241,0.0859,0.1536,0.131,1
9.86,-0.5284,0.2059,0.4695,0.5706,-0.0081,0.8235,0.0856,0.1548,0.1555,1
9.88,-0.4656,0.4005,0.2699,0.5715,-0.0164,0.8266,0.0882,0.1536,0.1196,1
9.9,-0.1319,0.6341,0.2046,0.5634,-0.0129,0.8267,0.0897,0.152,0.136,1
9.92,0.0031,0.2774,0.0988,0.5623,-0.0183,0.8212,0.0896,0.1523,0.1578,1
9.94,0.1589,-0.3417,0.1668,0.5658,-0.0161,0.82,0.0905,0.1534,0.1308,1
9.96,0.3266,-1.3734,0.059,0.5704,-0.0171,0.8211,0.089,0.1545,0.1252,1
9.98,0.5553,-1.1644,0.4703,0.5737,-0.0156,0.8218,0.0907,0.1536,0.1428,1
10.0,0.3378,-0.3987,0.6768,0.5773,-0.0164,0.8227,0.089,0.1527,0.1647,1
10.02,0.3393,-0.0779,0.4235,0.5716,-0.008,0.8249,0.0914,0.1525,0.1487,1
10.04,-0.0091,0.4087,0.0961,0.5687,-0.0109,0.8234,0.0909,0.1537,0.1027,1
10.06,-0.0388,0.8279,0.0622,0.5678,-0.0101,0.8205,0.092,0.1552,0.1472,1
10.08,-0.3116,0.3093,-0.0162,0.5678,-0.0141,0.8199,0.0918,0.1554,0.1478,1
10.1,-0.4268,-0.6888,0.044,0.5678,-0.0076,0.8208,0.0922,0.1554,0.1652,1
10.12,-0.1221,-0.6943,0.0113,0.57,-0.0104,0.8238,0.0884,0.1562,0.1535,1
10.14,-0.0507,-0.4512,0.0188,0.5713,-0.0114,0.8249,0.0888,0.1544,0.1663,1
10.16,-0.1729,-0.0556,-0.1154,0.5703,-0.0086,0.8233,0.0894,0.1564,0.1495,1
10.18,-0.161,0.4642,-0.0214,0.5732,-0.0061,0.8226,0.0909,0.1564,0.1588,1
10.2,-0.0472,-0.0234,0.0289,0.5691,-0.0046,0.8248,0.0921,0.1553,0.1687,1
10.22,0.0552,-0.2942,0.137,0.5669,-0.0047,0.8265,0.0923,0.1552,0.1645,1
10.24,0.1001,-0.4009,0.2683,0.5715,-0.0082,0.8248,0.0922,0.1548,0.1692,1
10.26,-0.122,-0.3125,0.3929,0.5695,-0.0098,0.8249,0.0905,0.1549,0.1575,1
10.28,-0.3084,0.0692,0.1137,0.5701,-0.0094,0.8246,0.0931,0.1549,0.163,1
10.3,-0.1891,0.4615,0.1953,0.5675,-0.0102,0.8219,0.0941,0.1562,0.1649,1
10.32,0.0099,0.0853,0.2888,0.5692,-0.0161,0.826,0.0929,0.1553,0.1603,1
10.34,0.3166,0.3124,0.4712,0.5704,-0.0153,0.8217,0.0916,0.1558,0.1396,1
10.36,0.3256,-0.2485,0.0919,0.5704,-0.0113,0.8247,0.0941,0.1564,0.1606,1
10.38,-0.1289,0.1898,0.2088,0.5702,-0.0095,0.826,0.0935,0.1569,0.1557,1
10.4,-0.2628,0.3907,0.2499,0.5665,-0.004,0.8253,0.0956,0.1568,0.1489,1
10.42,-0.3068,0.1176,0.3761,0.5694,-0.0052,0.8239,0.0953,0.1557,0.1522,1
10.44,-0.444,0.1649,0.5476,0.5706,-0.0122,0.8239,0.0946,0.1563,0.1483,1
10.46,-0.7599,0.5028,0.6224,0.5693,-0.0128,0.823,0.0947,0.1564,0.1477,1
10.48,-0.4962,-0.1171,0.5447,0.5705,-0.0097,0.8214,0.0945,0.1563,0.1564,1
10.5,-0.3717,-0.6469,0.4689,0.5716,-0.0087,0.8214,0.093,0.1565,0.1744,1
10.52,-0.1587,-1.5413,0.511,0.5673,-0.0162,0.8248,0.0948,0.1554,0.1694,1
10.54,-0.2359,-1.7109,0.4312,0.5723,-0.0158,0.8238,0.0928,0.1567,0.1485,1
10.56,-0.2566,-0.1225,0.389,0.5682,-0.0153,0.822,0.0917,0.1566,0.1548,1
10.58,-0.0934,0.7578,0.4317,0.5684,-0.0128,0.8195,0.0945,0.1565,0.1356,1
10.6,-0.0037,0.7526,0.5881,0.5706,-0.0125,0.8201,0.0945,0.1557,0.1518,1
10.62,-0.0841,0.0615,0.5131,0.571,-0.0106,0.822,0.0939,0.1557,0.1634,1
10.64,-0.1396,-0.3379,0.3567,0.5676,-0.0106,0.8251,0.0953,0.154,0.1559,1
10.66,-0.0712,0.2016,0.1896,0.5688,-0.0079,0.8243,0.0916,0.1552,0.1735,1
10.68,0.1219,0.2532,0.2436,0.5655,-0.006,0.8223,0.0933,0.1566,0.1565,1
10.7,-0.1376,-0.3475,0.2792,0.5655,-0.0103,0.8243,0.0956,0.1547,0.1649,1
10.72,-0.2418,-0.709,0.3593,0.5704,-0.0142,0.8237,0.0964,0.1555,0.1636,1
10.74,-0.2851,-0.653,0.4369,0.5722,-0.0124,0.8215,0.0961,0.1566,0.1511,1
10.76,-0.4813,-0.4436,0.1945,0.5703,-0.0109,0.8203,0.0952,0.1563,0.1482,1
10.78,-0.2542,0.0989,-0.0496,0.5708,-0.0125,0.8248,0.0954,0.1552,0.1442,1
10.8,-0.1239,0.1128,-0.1745,0.5715,-0.0139,0.8248,0.0954,0.1571,0.1534,1
10.82,0.1052,0.5512,0.0703,0.5702,-0.0134,0.822,0.097,0.1584,0.1447,1
10.84,-0.116,0.5385,0.2179,0.5678,-0.0175,0.8217,0.0972,0.1592,0.1663,1
10.86,-0.2305,0.4436,0.3038,0.5681,-0.0156,0.8217,0.0958,0.1569,0.1692,1
10.88,-0.2631,0.7298,0.0596,0.5665,-0.0094,0.8209,0.094,0.155,0.1573,1
10.9,-0.2155,0.9325,-0.056,0.5665,-0.0074,0.8197,0.0952,0.1551,0.1593,1
10.92,-0.6321,0.3782,0.0312,0.5689,-0.0071,0.8227,0.0969,0.1535,0.155,1
10.94,-1.3698,-0.094,0.112,0.5716,-0.0122,0.8196,0.0947,0.1542,0.1445,1
10.96,-1.2076,-0.4991,-0.3146,0.572,-0.0188,0.8179,0.0932,0.1559,0.1485,1
10.98,0.6594,0.2891,-0.6173,0.5718,-0.0191,0.8243,0.0948,0.1545,0.1657,1
11.0,1.6991,0.6617,-0.3058,0.5696,-0.0104,0.8261,0.0962,0.1551,0.1847,1
11.02,1.5541,0.2777,-0.0415,0.5685,0.0009,0.8242,0.0958,0.1567,0.1614,1
11.04,1.1006,0.3465,0.4201,0.5702,0.0012,0.8244,0.0956,0.1569,0.1628,1
11.06,-0.4484,-0.0097,0.5037,0.5726,0.0011,0.8219,0.0961,0.1548,0.173,1
11.08,-1.5092,-0.6899,0.3835,0.5725,-0.0027,0.8206,0.095,0.1535,0.1671,1
11.1,-1.3431,-1.0773,0.5182,0.5703,-0.0071,0.8229,0.0959,0.1535,0.1692,1
11.12,-1.0205,-0.828,0.5523,0.5714,-0.0126,0.8204,0.0953,0.153,0.1514,1
11.14,-0.51,-0.0633,0.5305,0.5733,-0.0157,0.8189,0.0933,0.1529,0.14,1
11.16,0.0242,0.5599,0.3883,0.5709,-0.0163,0.823,0.0947,0.1549,0.1621,1
11.18,-0.0399,0.7526,0.0717,0.5673,-0.0174,0.8262,0.0951,0.1537,0.1644,1
11.2,-0.3655,0.3213,-0.1321,0.5672,-0.0144,0.8232,0.0948,0.1524,0.1715,1
11.22,-0.5116,-0.2432,-0.0846,0.5722,-0.012,0.8197,0.0947,0.1533,0.1739,1
11.24,-0.5419,-0.5233,0.0942,0.5726,-0.0087,0.8209,0.0946,0.1529,0.1689,1
11.26,-0.4543,-0.7331,0.1416,0.5683,-0.009,0.8232,0.0958,0.1533,0.154,1
11.28,-0.325,-0.7324,0.2187,0.5717,-0.0125,0.8218,0.0957,0.1535,0.1338,1
11.3,-0.0876,-0.6184,0.3057,0.5751,-0.0131,0.8192,0.0946,0.1541,0.1567,1
11.32,0.0663,-0.5616,0.2895,0.5722,-0.0142,0.8216,0.095,0.1538,0.1618,1
11.34,-0.0317,-0.3054,0.3429,0.5699,-0.0124,0.8228,0.0945,0.1527,0.171,1
11.36,-0.129,0.0472,0.2184,0.571,-0.0084,0.823,0.0944,0.1531,0.1633,1
11.38,-0.3837,-0.0279,0.2512,0.5714,-0.0087,0.8228,0.0958,0.1534,0.1425,1
11.4,-0.7807,-0.1093,0.2918,0.5668,-0.0085,0.8257,0.0959,0.1541,0.1387,1
11.42,-1.0119,0.4041,0.4249,0.5698,-0.0028,0.8236,0.0961,0.1538,0.1528,1
11.44,-0.6933,0.4794,0.6499,0.578,-0.0042,0.8173,0.0951,0.1524,0.1657,1
11.46,0.0011,0.0594,0.733,0.5747,-0.0141,0.8238,0.0951,0.153,0.142,1
11.48,0.1796,0.1923,0.9207,0.5714,-0.0142,0.8264,0.0963,0.1535,0.1298,1
11.5,0.0515,0.2137,0.6404,0.5705,-0.0093,0.8241,0.0963,0.1525,0.153,1
11.52,-0.0541,0.5563,0.2938,0.5677,-0.0086,0.8236,0.0959,0.1523,0.1658,1
11.54,-0.1771,0.7207,0.3052,0.5655,-0.0086,0.8209,0.095,0.153,0.1436,1
11.56,-0.6165,0.3792,0.3486,0.5673,-0.0133,0.8208,0.0954,0.1542,0.1448,1
11.58,-0.9303,-0.0475,0.1791,0.572,-0.0192,0.8205,0.0936,0.154,0.14,1
11.6,-0.4749,-0.3862,0.0223,0.5723,-0.0201,0.822,0.0967,0.1541,0.1489,1
11.62,0.131,0.2334,0.1879,0.5722,-0.022,0.8267,0.0956,0.1531,0.1361,1
11.64,0.2041,0.7175,0.2428,0.573,-0.0155,0.8283,0.0954,0.154,0.1412,1
11.66,0.1619,0.9831,0.3512,0.5704,-0.0121,0.8239,0.095,0.1538,0.1721,1
11.68,-0.1126,1.1201,0.1982,0.5676,-0.0102,0.8243,0.094,0.1527,0.1973,1
11.7,-0.3804,0.3226,0.1046,0.5681,-0.0072,0.8227,0.0965,0.1518,0.1541,1
11.72,-0.5442,0.1258,0.273,0.5676,-0.0049,0.8231,0.0973,0.1542,0.1505,1
11.74,-0.4341,-0.3383,0.1383,0.5752,-0.0122,0.8209,0.0956,0.1526,0.1583,1
11.76,-0.4214,0.3258,0.2372,0.5737,-0.0167,0.8158,0.0951,0.1524,0.1398,1
11.78,-0.4704,0.7821,0.2664,0.5712,-0.0163,0.8215,0.0937,0.1541,0.1512,1
11.8,0.1837,0.7465,0.0949,0.571,-0.0212,0.8243,0.0946,0.1534,0.1615,1
11.82,0.3001,0.7552,0.2581,0.5682,-0.0114,0.825,0.0954,0.1522,0.1517,1
11.84,0.4806,0.3458,0.3014,0.5679,-0.0161,0.8251,0.0953,0.1519,0.1735,1
11.86,0.108,0.0585,0.6226,0.5666,-0.0102,0.8267,0.0979,0.1549,0.1924,1
11.88,-0.0092,-0.3984,0.4789,0.5654,-0.008,0.829,0.0971,0.1532,0.1606,1
11.9,-0.2917,-0.4129,0.8545,0.57,-0.0025,0.827,0.0951,0.1531,0.1495,1
11.92,-0.4163,0.0277,0.9775,0.5691,-0.0081,0.8244,0.0978,0.1539,0.1766,1
11.94,-0.4023,0.3005,0.3834,0.5684,-0.0113,0.8265,0.0992,0.1525,0.1748,1
11.96,-0.1643,0.5647,0.6754,0.5712,-0.0159,0.8208,0.0958,0.1547,0.1447,1
11.98,-0.2471,0.4247,1.0024,0.5724,-0.0166,0.8186,0.0932,0.1506,0.1685,1
12.0,-0.5685,0.4417,0.5086,0.5685,-0.0126,0.8237,0.0918,0.1542,0.1738,1
12.02,-0.2718,0.9892,0.1591,0.5698,-0.0121,0.8263,0.094,0.1524,0.16,1
12.04,-0.0513,0.3817,0.4139,0.57,-0.0098,0.823,0.0943,0.1534,0.1689,1
12.06,0.0572,0.3322,0.4402,0.5695,-0.0125,0.82,0.0944,0.1534,0.1904,1
12.08,0.2847,-0.1526,0.3953,0.5686,-0.0193,0.8218,0.0938,0.1529,0.1737,1
12.1,-0.546,0.6177,0.8765,0.5713,-0.01,0.8267,0.0924,0.151,0.1887,1
12.12,-0.5286,0.7146,0.8895,0.5712,-0.0141,0.8173,0.0926,0.1515,0.1405,1
12.14,-0.3251,0.0897,0.7623,0.5725,-0.0222,0.824,0.0942,0.1537,0.1502,1
12.16,-0.4463,0.4163,0.5519,0.5655,-0.0171,0.8271,0.0948,0.1538,0.1638,1
12.18,-0.378,0.3898,0.5093,0.5703,-0.0119,0.826,0.0952,0.1525,0.1732,1
12.2,-0.3091,0.1381,0.2877,0.5689,-0.0158,0.8245,0.0934,0.1513,0.1499,1
12.22,-0.5432,0.1059,0.5799,0.5682,-0.0133,0.8267,0.0946,0.1536,0.1524,1
12.24,-0.7118,-0.2058,0.5327,0.5701,-0.0157,0.8194,0.096,0.153,0.1681,1
12.26,-0.7607,-0.3992,0.2968,0.5685,-0.0193,0.821,0.0945,0.1536,0.1587,1
12.28,-0.8767,-0.7045,0.1382,0.5636,-0.0177,0.8265,0.0932,0.1537,0.1622,1
12.3,-0.7326,-0.6214,0.0565,0.5632,-0.0166,0.8222,0.0925,0.1536,0.1644,1
12.32,-0.2041,0.0767,0.4686,0.5681,-0.0152,0.8229,0.0918,0.1538,0.1428,1
12.34,-0.1562,0.2417,0.6759,0.5683,-0.0108,0.8243,0.0923,0.1538,0.1544,1
12.36,-0.1622,0.5913,0.5255,0.5691,-0.0111,0.8231,0.0928,0.1533,0.1679,1
12.38,-0.4107,-0.2537,0.2157,0.5708,-0.019,0.8201,0.0924,0.1534,0.1543,1
12.4,-0.329,-1.0222,0.1352,0.5696,-0.0215,0.8234,0.0918,0.1539,0.1601,1
12.42,-0.0992,-0.6912,0.2778,0.5685,-0.0224,0.8273,0.0911,0.1535,0.1656,1
12.44,-0.0365,-0.4535,0.3995,0.5679,-0.0218,0.8256,0.0914,0.1549,0.1433,1
12.46,0.0446,-0.9224,0.3227,0.5679,-0.017,0.8239,0.0932,0.1544,0.1394,1
12.48,0.0185,-1.4832,0.1104,0.5684,-0.0102,0.823,0.0933,0.1531,0.1562,1
12.5,-0.1493,-1.5897,0.0787,0.5683,-0.0088,0.8209,0.0923,0.1535,0.1578,1
12.52,-0.174,-0.9909,0.1767,0.5702,-0.0136,0.8205,0.0925,0.1537,0.1551,1
12.54,-0.3239,0.0893,0.3474,0.5718,-0.0155,0.8223,0.0931,0.1531,0.1542,1
12.56,-0.6316,0.9825,0.466,0.5686,-0.0168,0.8243,0.0945,0.1528,0.1416,1
12.58,-0.7595,1.365,0.1552,0.5655,-0.0199,0.8246,0.0959,0.1534,0.1422,1
12.6,-0.694,1.0401,-0.127,0.5657,-0.0219,0.8246,0.0947,0.1533,0.1554,1
12.62,-0.3947,0.394,-0.0146,0.5665,-0.0229,0.8245,0.0931,0.1538,0.1495,1
12.64,-0.2099,0.0521,0.006,0.5678,-0.0193,0.8224,0.0943,0.1546,0.1411,1
12.66,-0.0342,-0.5445,-0.0562,0.5665,-0.0138,0.826,0.0944,0.1536,0.1442,1
12.68,-0.1156,-1.4779,-0.0903,0.5698,-0.0043,0.8275,0.0926,0.1536,0.1664,1
12.7,-0.1182,-1.8347,-0.1206,0.5754,-0.0051,0.8204,0.0929,0.154,0.1526,1
12.72,-0.017,-1.1591,-0.1622,0.5741,-0.0106,0.8191,0.0945,0.1512,0.1418,1
12.74,0.2196,-0.2302,-0.0707,0.5726,-0.0041,0.8194,0.0955,0.1515,0.1605,1
12.76,0.0418,1.2207,-0.0864,0.5721,-0.0078,0.8216,0.094,0.1527,0.1651,1
12.78,-0.173,1.6531,0.1523,0.5688,-0.0078,0.8215,0.0941,0.1528,0.1735,1
12.8,-0.1951,1.1669,0.1834,0.5672,-0.0101,0.8241,0.0948,0.1505,0.169,1
12.82,-0.4286,1.0106,0.3204,0.5687,-0.0119,0.8237,0.0967,0.1544,0.1591,1
12.84,-0.3786,1.461,0.14,0.5692,-0.021,0.8277,0.0931,0.1542,0.1745,1
12.86,-0.3335,1.2727,-0.0956,0.5671,-0.0117,0.8245,0.0926,0.1515,0.1523,1
12.88,-0.4357,0.6789,-0.1747,0.5682,-0.0144,0.8243,0.0934,0.1515,0.125,1
12.9,-0.466,-0.0951,0.1291,0.5717,-0.007,0.8227,0.0943,0.1518,0.1446,1
12.92,-0.0632,-0.7562,0.1914,0.569,-0.0143,0.8265,0.0924,0.1538,0.1551,1
12.94,0.2755,0.5803,0.537,0.5739,-0.0198,0.8262,0.0926,0.1538,0.152,1
12.96,-0.1651,1.0711,0.4884,0.569,-0.0248,0.8236,0.094,0.1517,0.1666,1
12.98,0.2782,0.2571,0.3285,0.5662,-0.0122,0.83,0.0945,0.1541,0.1299,1
13.0,-0.3416,0.5052,0.3461,0.5636,-0.0055,0.8262,0.0912,0.1516,0.1659,1
13.02,0.0886,0.1153,0.1839,0.5634,-0.0142,0.8194,0.0941,0.1511,0.1502,1
13.04,0.1302,-0.8523,0.3188,0.5649,-0.0183,0.8243,0.0929,0.1528,0.1638,1
13.06,0.0118,-0.5442,0.4438,0.5647,-0.0121,0.8242,0.0931,0.1519,0.1363,1
13.08,-0.1204,0.0726,0.2289,0.5645,-0.0138,0.823,0.0935,0.1531,0.1723,1
13.1,-0.3066,-0.0733,0.2285,0.5718,-0.0106,0.8216,0.0934,0.1543,0.1616,1
13.12,-0.2882,-0.4139,0.2223,0.5737,-0.0147,0.8235,0.0933,0.151,0.1568,1
13.14,-0.4051,0.8031,0.3433,0.5703,-0.0161,0.8251,0.094,0.1505,0.1732,1
13.16,-0.3872,1.3716,0.4619,0.5693,-0.0115,0.8224,0.0945,0.1531,0.1855,1
13.18,-0.5165,0.4599,0.5342,0.5698,-0.0091,0.8224,0.093,0.1541,0.1698,1
13.2,-0.3847,0.0619,0.3647,0.5698,-0.0121,0.8243,0.0925,0.1512,0.1487,1
13.22,-0.4718,0.2335,0.3763,0.5705,-0.017,0.825,0.0944,0.1516,0.1681,1
13.24,-0.2968,0.2322,0.3585,0.5685,-0.016,0.8225,0.0944,0.1522,0.1766,1
13.26,0.0498,-0.0685,0.3627,0.5672,-0.0179,0.8255,0.0935,0.1531,0.1777,1
13.28,0.0337,0.0305,0.3444,0.5681,-0.0124,0.8251,0.0942,0.1529,0.1656,1
13.3,0.0807,1.1274,0.3162,0.5697,-0.0125,0.8227,0.0937,0.153,0.1561,1
13.32,0.114,2.6931,0.4301,0.5677,-0.0172,0.824,0.0931,0.1528,0.1539,1
13.34,-0.0898,2.9642,0.5765,0.5621,-0.0167,0.8243,0.0925,0.1526,0.1651,1
13.36,-0.1785,1.3364,0.5114,0.5606,-0.0165,0.8245,0.0924,0.1533,0.1722,1
13.38,-0.2759,-0.5516,0.2699,0.5645,-0.0228,0.8274,0.0933,0.1536,0.1635,1
13.4,-0.4578,-1.1993,0.2924,0.5654,-0.0271,0.829,0.0925,0.1537,0.1731,1
13.42,-0.4583,-0.7319,0.4484,0.5641,-0.0188,0.8272,0.093,0.1527,0.1634,1
13.44,-0.4342,-0.2663,0.3027,0.5656,-0.0174,0.826,0.0932,0.1532,0.1366,1
13.46,-0.3191,-0.2965,0.275,0.5642,-0.0136,0.8274,0.0929,0.1532,0.1453,1
13.48,-0.1465,-0.2972,0.1793,0.5647,-0.0143,0.8272,0.0938,0.1513,0.153,1
13.5,-0.2072,-0.2205,0.1853,0.565,-0.0193,0.8215,0.093,0.1515,0.1521,1
13.52,-0.1022,-0.6536,0.1447,0.5666,-0.0192,0.824,0.0932,0.1507,0.1526,1
13.54,-0.2771,-0.259,0.2276,0.5647,-0.0204,0.8248,0.0929,0.1535,0.1606,1
13.56,-0.4136,-0.1189,0.2618,0.5699,-0.0237,0.8234,0.094,0.1541,0.163,1
13.58,-0.2263,-0.02,0.0936,0.5701,-0.0171,0.8232,0.0929,0.1545,0.1517,1
13.6,-0.187,0.7123,0.1863,0.569,-0.0216,0.8278,0.0933,0.1534,0.1643,1
13.62,-0.1409,0.7071,0.2733,0.5642,-0.014,0.8233,0.0945,0.1528,0.1688,1
13.64,-0.0006,0.7661,0.3541,0.5635,-0.0137,0.8246,0.0946,0.153,0.1768,1
13.66,0.4819,-1.2851,0.1171,0.5673,-0.0192,0.8214,0.0941,0.1503,0.1409,1
13.68,0.1257,-0.8956,0.4408,0.5697,-0.0146,0.8268,0.0968,0.1517,0.1317,1
13.7,-0.0838,-1.3381,0.4738,0.5709,-0.0137,0.8226,0.0915,0.1529,0.1376,1
13.72,-0.358,-0.9604,0.4408,0.5726,-0.0142,0.8231,0.0922,0.1519,0.158,1
13.74,-0.2392,-0.1653,0.3151,0.566,-0.0197,0.8245,0.0936,0.1535,0.1568,1
13.76,-0.0882,0.4,0.1248,0.5646,-0.0167,0.8264,0.0933,0.1535,0.168,1
13.78,-0.0206,0.2264,0.0679,0.5662,-0.0154,0.8277,0.0925,0.1534,0.1796,1
13.8,-0.3903,-0.1398,0.3887,0.5648,-0.0169,0.8242,0.0934,0.1536,0.1647,1
13.82,-0.4227,0.01,0.4035,0.566,-0.0152,0.8225,0.0969,0.1535,0.1791,1
13.84,-0.1696,0.331,0.2955,0.5676,-0.0075,0.8272,0.0963,0.1542,0.1293,1
13.86,0.2099,0.0785,0.2648,0.5682,-0.0175,0.8274,0.0952,0.1517,0.1268,1
13.88,-0.0891,0.3234,0.3493,0.5681,-0.0172,0.8233,0.0962,0.1531,0.1507,1
13.9,-0.3158,0.2101,0.2963,0.566,-0.0132,0.8242,0.0951,0.1541,0.1687,1
13.92,-0.6061,0.1592,0.2651,0.5653,-0.0096,0.8255,0.094,0.1531,0.1701,1
13.94,-0.6468,0.5088,0.236,0.5658,-0.0135,0.824,0.0955,0.1525,0.1535,1
13.96,-0.3022,0.3655,0.29,0.5664,-0.0167,0.8222,0.0958,0.1525,0.1583,1
13.98,-0.0605,-0.0347,0.4965,0.5674,-0.0125,0.8233,0.094,0.1516,0.1895,1
14.0,-0.0521,0.0748,0.5872,0.5695,-0.0118,0.8234,0.0947,0.1519,0.1869,1
14.02,-0.3696,0.1853,0.4657,0.5717,-0.0187,0.8202,0.0953,0.1537,0.1571,1
14.04,-0.6295,0.101,0.4145,0.5716,-0.0226,0.8206,0.0938,0.1532,0.1527,1
14.06,-0.4478,0.1358,0.4887,0.5705,-0.02,0.8244,0.095,0.1519,0.1499,1
14.08,-0.3196,0.1089,0.4772,0.5687,-0.0215,0.8262,0.0949,0.1524,0.1465,1
14.1,-0.0149,0.4951,0.362,0.5666,-0.0171,0.8265,0.0961,0.1541,0.1629,1
14.12,-0.0077,0.1554,0.0741,0.5658,-0.0153,0.8244,0.0965,0.1543,0.1592,1
14.14,-0.1339,-0.2318,0.5265,0.5667,-0.0244,0.8249,0.0949,0.1544,0.1579,1
14.16,0.0647,-0.1175,0.4597,0.5659,-0.0208,0.8243,0.0971,0.1539,0.155,1
14.18,0.0622,-0.0239,0.1483,0.5651,-0.0118,0.8236,0.0943,0.1525,0.1579,1
14.2,-0.2365,-0.3253,0.4064,0.5695,-0.0183,0.8254,0.0958,0.1514,0.1768,1
14.22,-0.449,-0.4174,0.3442,0.5633,-0.0167,0.8253,0.094,0.151,0.1717,1
14.24,-0.53,-0.9523,0.3665,0.5672,-0.018,0.8246,0.094,0.1528,0.1454,1
14.26,-0.3715,-1.2036,0.2401,0.5673,-0.0194,0.822,0.0961,0.1526,0.1717,1
14.28,-0.3807,-0.2198,0.3405,0.5694,-0.0074,0.8184,0.0952,0.1523,0.1581,1
14.3,-0.4833,0.4204,0.2715,0.5686,-0.0064,0.8251,0.095,0.1541,0.1672,1
14.32,-0.5081,0.7184,0.2575,0.57,-0.0183,0.8254,0.0958,0.1526,0.1622,1
14.34,-0.6458,0.7163,0.203,0.5669,-0.0168,0.8242,0.0925,0.1521,0.1803,1
14.36,-0.4535,0.9751,-0.1611,0.569,-0.0191,0.8245,0.0939,0.1539,0.174,1
14.38,-0.6211,0.8487,-0.0617,0.5679,-0.0161,0.8239,0.0948,0.1539,0.1643,1
14.4,-0.3548,-0.7827,0.1696,0.5694,-0.0133,0.8249,0.0956,0.153,0.153,1
14.42,-0.1313,-1.2148,0.5169,0.5692,-0.0228,0.8252,0.0934,0.1535,0.17,1
14.44,-0.4107,-0.4183,0.5408,0.5679,-0.0217,0.8261,0.0934,0.154,0.1642,1
14.46,-0.4315,-0.2291,0.3924,0.5641,-0.0147,0.8252,0.0942,0.1542,0.1612,1
14.48,-0.2701,-0.1666,0.3971,0.564,-0.0125,0.8227,0.094,0.1539,0.1357,1
14.5,-0.2174,0.2481,0.6474,0.5651,-0.0126,0.821,0.0946,0.1538,0.134,1
14.52,-0.2083,0.4645,0.7048,0.5651,-0.0143,0.8216,0.0958,0.1526,0.1413,1
14.54,-0.3288,0.2606,0.7562,0.5666,-0.0168,0.8231,0.0949,0.1526,0.1461,1
14.56,-0.5583,-0.1026,0.7667,0.5693,-0.0194,0.825,0.0928,0.1535,0.1449,1
14.58,-0.7654,-0.1801,0.4916,0.5706,-0.0178,0.8251,0.0925,0.1527,0.1254,1
14.6,-0.7134,-0.0358,0.5299,0.5702,-0.0122,0.8215,0.0932,0.1521,0.1277,1
14.62,-0.2775,-0.1886,0.6631,0.5697,-0.0147,0.8209,0.094,0.1515,0.1457,1
14.64,-0.1138,-0.1913,0.3427,0.5692,-0.0207,0.8227,0.0949,0.1506,0.1555,1
14.66,-0.1685,0.0908,0.2352,0.5677,-0.0189,0.8199,0.0933,0.1514,0.1443,1
14.68,-0.0957,-0.0812,0.2975,0.5702,-0.0171,0.8219,0.095,0.1518,0.1627,1
14.7,-0.0642,-0.315,0.2925,0.5726,-0.025,0.821,0.0934,0.1541,0.1614,1
14.72,0.1901,-0.4911,0.324,0.5685,-0.0195,0.8226,0.0942,0.155,0.1486,1
14.74,0.2276,-0.8307,0.3045,0.5706,-0.0191,0.8239,0.0933,0.1522,0.1528,1
14.76,0.2153,-0.1258,0.3138,0.5721,-0.0202,0.8232,0.0925,0.1531,0.1788,1
14.78,-0.0956,-0.1774,0.6128,0.5689,-0.0207,0.8223,0.0928,0.1532,0.2008,1
14.8,-0.48,0.8524,0.2761,0.5648,-0.0199,0.8255,0.0935,0.1541,0.1464,1
14.82,-0.369,1.606,0.3195,0.5649,-0.0186,0.8262,0.0942,0.1531,0.1443,1
14.84,-0.2248,1.3773,0.368,0.5699,-0.0205,0.8238,0.0926,0.1529,0.1389,1
14.86,-0.008,1.3157,0.2107,0.5632,-0.0173,0.8248,0.0927,0.1521,0.1422,1
14.88,-0.1686,0.4658,0.072,0.5618,-0.0103,0.8259,0.0948,0.1532,0.1696,1
14.9,-0.2196,-0.448,0.1159,0.5658,-0.0109,0.8257,0.0946,0.154,0.1753,1
14.92,-0.2945,-0.9965,0.0739,0.5653,-0.0186,0.8283,0.093,0.1534,0.1606,1
14.94,-0.2001,-1.2943,0.1314,0.5654,-0.0208,0.8255,0.0935,0.154,0.1308,1
14.96,-0.219,-1.1241,0.0884,0.5678,-0.02,0.8223,0.0947,0.154,0.1532,1
14.98,-0.2727,-0.5308,0.086,0.5688,-0.0171,0.8202,0.0946,0.1549,0.159,1
15.0,-0.209,-0.0848,0.1142,0.5686,-0.0161,0.8218,0.0942,0.1538,0.1587,1
15.02,-0.1952,0.3696,0.0245,0.5685,-0.0176,0.8268,0.0939,0.1536,0.1525,1
15.04,-0.1639,0.7923,-0.0893,0.5692,-0.0174,0.8264,0.0938,0.1533,0.1456,1
15.06,-0.057,0.6721,-0.1047,0.5661,-0.0147,0.8231,0.0939,0.1526,0.1553,1
15.08,-0.1263,0.3212,0.1482,0.5647,-0.0158,0.8244,0.0947,0.153,0.1648,1
15.1,-0.1565,0.336,0.5759,0.5708,-0.0202,0.8249,0.0956,0.1532,0.1745,1
15.12,0.0124,0.3088,0.6796,0.5712,-0.0222,0.8213,0.0943,0.1544,0.1709,1
15.14,-0.2073,-0.1161,0.543,0.5703,-0.024,0.8177,0.0935,0.1527,0.1544,1
15.16,-0.2112,-0.2656,0.3349,0.5706,-0.0173,0.819,0.0924,0.1512,0.1791,1
15.18,0.2012,-0.3654,0.1751,0.5695,-0.0183,0.8232,0.0951,0.1545,0.1682,1
15.2,0.2624,-0.1223,0.4188,0.5649,-0.0171,0.8226,0.095,0.1539,0.1708,1
15.22,0.2279,0.1572,0.5123,0.5652,-0.0167,0.8213,0.0951,0.1543,0.1493,1
15.24,0.2864,-0.0793,0.4122,0.5711,-0.0085,0.823,0.0946,0.1545,0.1811,1
15.26,0.0559,0.1645,0.5577,0.57,-0.0083,0.8245,0.0956,0.1541,0.1347,1
15.28,-0.3058,0.2555,0.3645,0.5692,-0.0144,0.8224,0.0935,0.1529,0.1737,1
15.3,-0.3736,0.2718,0.4035,0.573,-0.0216,0.8246,0.0948,0.1546,0.146,1
15.32,-0.5154,0.5819,0.3622,0.5713,-0.0234,0.8272,0.0954,0.152,0.1541,1
15.34,-0.4657,0.5844,0.2772,0.5682,-0.0199,0.8231,0.0949,0.1529,0.1928,1
15.36,-0.2416,0.4199,0.3905,0.5692,-0.017,0.8221,0.0955,0.1541,0.1707,1
15.38,-0.4678,0.2149,0.3161,0.5679,-0.0205,0.823,0.0939,0.1531,0.168,1
15.4,-0.1982,0.4991,0.442,0.57,-0.0169,0.8263,0.0922,0.1513,0.162,1
15.42,0.0572,0.5279,0.4377,0.5657,-0.0221,0.8255,0.0926,0.1528,0.155,1
15.44,0.1085,0.2374,0.2756,0.5661,-0.0183,0.8247,0.094,0.1535,0.1481,1
15.46,0.0936,-0.6271,0.2532,0.5666,-0.0194,0.826,0.0951,0.1514,0.1618,1
15.48,0.1413,-0.7675,0.197,0.5667,-0.0221,0.8267,0.0957,0.1508,0.1676,1
15.5,0.2056,-0.0586,0.1715,0.568,-0.021,0.8256,0.0956,0.1528,0.169,1
15.52,0.0981,0.5579,0.1739,0.5662,-0.0193,0.8243,0.0958,0.1544,0.1842,1
15.54,-0.1707,0.4768,0.0554,0.5656,-0.0176,0.8253,0.0969,0.1542,0.1979,1
15.56,-0.455,0.0542,-0.1087,0.5691,-0.0199,0.8272,0.0965,0.1545,0.1935,1
15.58,-0.6189,0.4766,-0.2996,0.5698,-0.022,0.8267,0.0946,0.155,0.1697,1
15.6,-0.6158,0.7454,-0.2131,0.569,-0.0193,0.8265,0.095,0.1533,0.1652,1
15.62,-0.6415,0.2969,0.096,0.5658,-0.017,0.8248,0.095,0.1511,0.1792,1
15.64,-0.0109,-0.1565,0.0782,0.5642,-0.0208,0.8196,0.0958,0.1529,0.1684,1
15.66,-0.4082,-0.2815,0.0726,0.5666,-0.0231,0.8198,0.0972,0.153,0.1908,1
15.68,-0.4536,0.0046,0.2361,0.5693,-0.0201,0.8218,0.0932,0.1531,0.1619,1
15.7,-0.3104,0.4457,0.4428,0.567,-0.0317,0.8257,0.0974,0.1514,0.1634,1
15.72,-0.1744,0.6317,0.1715,0.5665,-0.024,0.8279,0.0953,0.1504,0.1589,1
15.74,-0.1092,0.7963,0.1936,0.5678,-0.0178,0.8265,0.0932,0.1475,0.1451,1
15.76,0.1045,0.6033,0.1819,0.5621,-0.0135,0.8241,0.0958,0.1515,0.1665,1
15.78,0.0103,-0.4799,0.5575,0.5658,-0.0202,0.8247,0.0947,0.153,0.146,1
15.8,0.0443,-0.6681,0.5843,0.5639,-0.0212,0.8257,0.0958,0.1523,0.1756,1
15.82,-0.0135,-0.1211,0.6566,0.5649,-0.0183,0.8241,0.0968,0.1541,0.1619,1
15.84,-0.2366,-0.4796,0.3017,0.567,-0.02,0.8227,0.0953,0.1541,0.1568,1
15.86,-0.2733,-0.1543,0.1512,0.5676,-0.0195,0.8236,0.0943,0.1515,0.1647,1
15.88,-0.4275,0.7049,0.1953,0.5621,-0.0213,0.8253,0.0951,0.1506,0.1739,1
15.9,-0.2222,0.7867,0.333,0.5613,-0.0173,0.8257,0.0935,0.151,0.1825,1
15.92,-0.0783,-0.1283,0.4496,0.5641,-0.0214,0.8254,0.0928,0.1525,0.1662,1
15.94,-0.2101,-0.5571,0.3478,0.5659,-0.0244,0.826,0.0949,0.1517,0.1593,1
15.96,-0.3407,-0.2527,0.1973,0.5681,-0.0187,0.8258,0.0948,0.1503,0.1626,1
15.98,-0.2319,-0.3326,0.2131,0.5676,-0.0156,0.8258,0.0939,0.1522,0.1513,1
16.0,-0.0289,-0.0027,0.2497,0.5651,-0.0123,0.8257,0.0952,0.153,0.1625,1
16.02,-0.3353,1.1752,0.1932,0.5662,-0.013,0.8225,0.0952,0.1514,0.1848,1
16.04,-0.5072,0.8888,-0.0351,0.5663,-0.0187,0.8257,0.0953,0.1509,0.1824,1
16.06,-0.598,0.1935,-0.3409,0.5657,-0.0221,0.8244,0.0945,0.1518,0.1661,1
16.08,-0.8406,-0.5681,-0.1135,0.5616,-0.0178,0.8232,0.095,0.1519,0.1615,1
16.1,-0.5334,-1.1202,0.3144,0.5628,-0.0219,0.8241,0.0943,0.1512,0.1668,1
16.12,-0.2981,-0.4985,0.1983,0.5651,-0.0228,0.8252,0.0939,0.1519,0.174,1
16.14,-0.1473,-0.4179,0.4307,0.5627,-0.0117,0.827,0.0947,0.149,0.1697,1
16.16,0.2977,-0.1823,0.259,0.5644,-0.0257,0.8258,0.0942,0.1509,0.1689,1
16.18,0.2297,-0.1372,0.4413,0.566,-0.0223,0.8248,0.0961,0.1514,0.1784,1
16.2,0.1241,-0.4513,0.2134,0.5668,-0.0165,0.8264,0.0966,0.1543,0.177,1
16.22,0.0847,-0.2987,0.1223,0.5679,-0.0099,0.827,0.0954,0.1526,0.1543,1
16.24,0.0241,-0.5122,0.232,0.5651,-0.0194,0.8254,0.0955,0.1504,0.1601,1
16.26,-0.0613,-0.2759,0.0749,0.5657,-0.0242,0.8259,0.0959,0.1504,0.1679,1
16.28,-0.121,-0.0749,0.1137,0.5676,-0.0224,0.825,0.0957,0.1527,0.1675,1
16.3,-0.0997,0.0786,0.3135,0.5641,-0.0219,0.8256,0.0953,0.1522,0.1591,1
16.32,-0.1631,-0.3036,0.3518,0.5633,-0.0248,0.8244,0.0945,0.1516,0.1839,1
16.34,-0.0948,-0.414,0.2803,0.5663,-0.0224,0.8259,0.0954,0.1519,0.1946,1
16.36,0.1703,-0.1232,0.2831,0.569,-0.0205,0.8279,0.0956,0.1513,0.1681,1
16.38,0.2047,-0.1398,0.4002,0.5677,-0.0187,0.8243,0.0955,0.1519,0.149,1
16.4,-0.1137,-0.1377,0.4684,0.5637,-0.0147,0.8217,0.0964,0.1528,0.1541,1
16.42,-0.2902,0.0837,0.2893,0.5638,-0.0152,0.8242,0.096,0.1515,0.1575,1
16.44,-0.1083,0.0314,0.0911,0.567,-0.0129,0.8248,0.0952,0.1523,0.147,1
16.46,-0.0199,-0.0906,0.1377,0.5692,-0.0183,0.8256,0.0942,0.1527,0.1644,1
16.48,0.0033,-0.3027,0.087,0.5673,-0.0177,0.8252,0.0959,0.1515,0.1626,1
16.5,-0.0008,-0.1352,0.6802,0.57,-0.0139,0.8257,0.096,0.1512,0.1499,1
16.52,0.0057,0.1252,0.4779,0.5703,-0.0192,0.8265,0.0951,0.1504,0.1468,1
16.54,0.161,0.3607,0.1438,0.5638,-0.0193,0.8222,0.096,0.1512,0.1623,1
16.56,0.098,-0.3946,0.042,0.5674,-0.0129,0.8227,0.0965,0.1498,0.1768,1
16.58,0.0692,-0.2099,0.4859,0.5646,-0.0197,0.8279,0.0963,0.1526,0.1956,1
16.6,0.551,0.3278,0.2222,0.5667,-0.0231,0.8255,0.0969,0.1512,0.1824,1
16.62,0.0158,-0.1214,0.4013,0.5656,-0.0192,0.8254,0.0974,0.1518,0.1614,1
16.64,-0.3253,-0.0122,0.1712,0.5679,-0.0136,0.8277,0.0949,0.1541,0.1404,1
16.66,-0.2067,0.0625,0.291,0.5696,-0.0153,0.8258,0.095,0.1529,0.1735,1
16.68,-0.2076,0.2092,0.3589,0.5662,-0.0179,0.8243,0.0969,0.151,0.1726,1
16.7,-0.3015,0.2869,0.4378,0.5678,-0.0215,0.8242,0.0956,0.1511,0.1825,1
16.72,-0.29,0.6057,0.4067,0.5681,-0.0177,0.8268,0.0938,0.1516,0.1842,1
16.74,-0.1766,0.5899,0.1698,0.5669,-0.0103,0.8272,0.0938,0.153,0.1695,1
16.76,-0.1809,0.1353,0.0645,0.5667,-0.0137,0.8254,0.0951,0.1538,0.1657,1
16.78,-0.1763,-0.346,0.0999,0.5672,-0.0206,0.8255,0.0953,0.1531,0.1715,1
16.8,-0.1624,-0.3514,0.2167,0.5697,-0.0203,0.8254,0.0953,0.1524,0.1548,1
16.82,-0.246,0.0803,0.4701,0.5712,-0.0227,0.8235,0.0969,0.1515,0.1314,1
16.84,-0.0187,-0.1622,0.3761,0.5695,-0.0251,0.8237,0.0953,0.1515,0.1536,1
16.86,-0.0145,-0.2644,0.2212,0.5667,-0.0174,0.826,0.0935,0.1509,0.1627,1
16.88,-0.0592,-0.3195,0.3629,0.566,-0.0187,0.8225,0.0917,0.1504,0.1628,1
16.9,-0.0101,-0.4704,0.3316,0.5646,-0.0244,0.8256,0.0936,0.1494,0.1411,1
16.92,0.1767,0.184,0.2472,0.5643,-0.0196,0.8244,0.0947,0.1497,0.1601,1
16.94,-0.1198,0.7628,0.3307,0.5639,-0.0217,0.8242,0.0945,0.1529,0.1538,1
16.96,-0.3708,0.3684,0.335,0.5673,-0.0165,0.8238,0.0963,0.1537,0.1561,1
16.98,-0.2932,-0.3295,0.5908,0.5675,-0.0174,0.8267,0.0955,0.1523,0.1511,1
17.0,-0.1098,0.2129,0.3328,0.5702,-0.016,0.8237,0.0946,0.1514,0.1383,1
17.02,-0.2921,-0.0468,0.334,0.5698,-0.0142,0.824,0.0937,0.1517,0.1705,1
17.04,-0.0131,-0.2584,0.2339,0.5708,-0.0217,0.8252,0.0952,0.1522,0.1685,1
17.06,-0.1191,-0.2666,0.2954,0.5711,-0.0222,0.8259,0.0964,0.153,0.1489,1
17.08,-0.0997,0.7211,0.1656,0.5665,-0.0136,0.8251,0.0961,0.1546,0.1621,1
17.1,-0.041,0.8978,0.1145,0.565,-0.0148,0.8258,0.0954,0.1529,0.1694,1
17.12,-0.0256,0.5809,0.0646,0.5676,-0.0193,0.8272,0.0947,0.1534,0.1602,1
17.14,0.0771,0.1891,0.2293,0.5689,-0.0196,0.8267,0.0944,0.1526,0.1575,1
17.16,0.0403,-0.152,0.5048,0.5688,-0.0187,0.8245,0.0954,0.1513,0.1566,1
17.18,-0.0823,-0.0859,0.6121,0.5676,-0.0183,0.8239,0.0961,0.1518,0.1633,1
17.2,-0.0799,0.0104,0.6186,0.5645,-0.019,0.8261,0.0959,0.1504,0.173,1
17.22,-0.1264,0.1018,0.3368,0.563,-0.0196,0.827,0.0954,0.1504,0.1616,1
17.24,0.0721,0.3049,0.0992,0.5621,-0.019,0.826,0.0938,0.1518,0.1743,1
17.26,0.0914,0.1529,0.167,0.5635,-0.0192,0.8261,0.0952,0.1526,0.1605,1
17.28,0.2645,0.9798,0.132,0.5658,-0.0219,0.8262,0.0951,0.1516,0.1499,1
17.3,-0.0355,0.5728,0.2245,0.5674,-0.017,0.8263,0.0946,0.1518,0.1671,1
17.32,-0.1603,-0.212,0.1565,0.5667,-0.0103,0.8284,0.0954,0.1531,0.1553,1
17.34,-0.1155,-0.8503,0.0284,0.5663,-0.0259,0.8278,0.0954,0.1513,0.1483,1
17.36,-0.4095,-0.5947,0.0635,0.5682,-0.0164,0.8276,0.0955,0.1498,0.2004,1
17.38,-0.2653,0.6193,-0.0347,0.5676,-0.0214,0.8291,0.0952,0.1506,0.1496,1
17.4,-0.1084,1.1583,0.0527,0.5669,-0.0237,0.8275,0.0952,0.1516,0.136,1
17.42,-0.1957,1.4563,0.0065,0.5697,-0.0258,0.8243,0.0957,0.1513,0.1404,1
17.44,-0.1915,1.2961,0.0077,0.5672,-0.02,0.8244,0.096,0.1518,0.1429,1
17.46,-0.2294,0.3657,0.3213,0.5653,-0.018,0.824,0.0958,0.151,0.1676,1
17.48,-0.171,-0.3484,0.4317,0.5673,-0.0204,0.8258,0.0966,0.1504,0.1593,1
17.5,-0.2034,-0.2302,0.4027,0.569,-0.02,0.8276,0.0951,0.1513,0.1497,1
17.52,-0.2241,0.4523,0.3524,0.5671,-0.0205,0.8276,0.0953,0.1516,0.1623,1
17.54,-0.105,0.7115,0.3559,0.564,-0.0232,0.8266,0.0962,0.1515,0.1719,1
17.56,0.004,0.5007,0.3926,0.5626,-0.022,0.8265,0.0942,0.1515,0.178,1
17.58,0.064,0.4905,0.3915,0.5623,-0.0188,0.8283,0.0947,0.151,0.1698,1
17.6,0.0975,0.1561,0.5053,0.5631,-0.019,0.8274,0.0972,0.1516,0.1443,1
17.62,0.1649,-0.3925,0.3966,0.5665,-0.0181,0.8261,0.0966,0.1525,0.1699,1
17.64,0.1461,-0.7302,0.4634,0.5661,-0.0197,0.8276,0.0949,0.1514,0.1708,1
17.66,0.1537,-0.3359,0.5125,0.564,-0.0202,0.826,0.0975,0.1523,0.1271,1
17.68,0.1662,-0.0943,0.1939,0.5659,-0.016,0.826,0.0989,0.1511,0.1509,1
17.7,0.3096,0.1669,0.1716,0.5631,-0.0161,0.828,0.0951,0.1487,0.1487,1
17.72,-0.1466,0.6382,0.0815,0.5634,-0.0186,0.8284,0.0928,0.149,0.158,1
17.74,-0.034,0.2591,0.0157,0.5646,-0.0182,0.8277,0.0963,0.1476,0.1775,1
17.76,-0.338,0.2492,-0.0835,0.5589,-0.0109,0.8315,0.0962,0.1506,0.1739,1
17.78,-0.3795,0.2264,-0.2355,0.5595,-0.0105,0.8254,0.0962,0.1511,0.1809,1
17.8,-0.3168,0.3195,-0.465,0.5626,-0.0225,0.825,0.0954,0.1518,0.1722,1
17.82,-0.2824,-0.0759,-0.5949,0.5643,-0.0222,0.8245,0.0953,0.1513,0.1928,1
17.84,0.0683,-0.6269,-0.1929,0.5626,-0.0234,0.8248,0.0958,0.1514,0.193,1
17.86,0.2198,-0.5243,0.188,0.5643,-0.0276,0.8275,0.0957,0.1501,0.1732,1
17.88,0.1347,-0.1923,0.2376,0.567,-0.0224,0.8294,0.0963,0.1503,0.1527,1
17.9,0.1576,0.2725,0.0662,0.5655,-0.0154,0.8288,0.0972,0.151,0.1548,1
17.92,0.2049,0.2306,-0.0866,0.5619,-0.0137,0.8272,0.0977,0.1506,0.1635,1
17.94,0.1452,-0.6587,-0.0806,0.5608,-0.0098,0.8258,0.0972,0.1509,0.1661,1
17.96,0.0536,-0.9079,0.0001,0.5628,-0.0082,0.8254,0.0954,0.1501,0.1828,1
17.98,-0.0317,-0.6624,0.087,0.5644,-0.0134,0.8267,0.096,0.1495,0.1741,1
18.0,0.0832,-0.5645,-0.1328,0.566,-0.0153,0.8275,0.0967,0.1504,0.1653,1
18.02,0.05,-0.3702,0.0823,0.5644,-0.0202,0.8287,0.0961,0.1489,0.1457,1
18.04,0.0329,-0.5288,0.0829,0.5672,-0.0168,0.8276,0.0958,0.1487,0.146,1
18.06,-0.0424,-0.1963,0.1494,0.5676,-0.0116,0.8276,0.0989,0.1491,0.1786,1
18.08,0.0521,-0.083,0.0063,0.5664,-0.0136,0.8243,0.0988,0.1513,0.1507,1
18.1,-0.154,0.2009,-0.0619,0.5676,-0.0251,0.8264,0.0979,0.1481,0.17,1
18.12,0.0205,-0.1356,0.263,0.5663,-0.0105,0.8255,0.0962,0.1489,0.1633,1
18.14,-0.606,-1.0035,0.522,0.5696,-0.0183,0.8239,0.0995,0.1483,0.1816,1
18.16,-0.7213,-1.2712,0.6732,0.5681,-0.0242,0.8243,0.0976,0.1491,0.1774,1
18.18,-0.5851,-0.728,0.2745,0.5677,-0.0224,0.8235,0.0971,0.1492,0.1637,1
18.2,-0.3911,-0.4128,0.1281,0.568,-0.0216,0.8237,0.0982,0.1486,0.1928,1
18.22,-0.0946,0.2568,0.1275,0.5652,-0.0216,0.8233,0.0956,0.1495,0.1736,1
18.24,-0.0064,0.8084,0.1443,0.5634,-0.0174,0.8234,0.0952,0.151,0.1514,1
18.26,-0.065,0.7821,0.1766,0.5641,-0.0136,0.8229,0.0968,0.1506,0.1639,1
18.28,-0.0748,-0.0577,0.0825,0.5636,-0.0148,0.8235,0.097,0.1497,0.1642,1
18.3,-0.2671,-1.0596,0.062,0.5625,-0.014,0.827,0.098,0.149,0.1481,1
18.32,-0.4436,-0.8672,0.2335,0.5635,-0.0122,0.829,0.0986,0.1478,0.1439,1
18.34,-0.1252,-0.266,0.1725,0.5651,-0.0187,0.8293,0.0969,0.1501,0.1533,1
18.36,-0.081,0.2619,0.2041,0.5652,-0.0168,0.8273,0.0951,0.1513,0.1647,1
18.38,-0.0557,0.901,0.4048,0.5638,-0.0233,0.8251,0.0966,0.1502,0.1797,1
18.4,0.1169,0.609,0.4125,0.5666,-0.018,0.8254,0.0959,0.1503,0.1459,1
18.42,-0.0656,-0.299,0.3033,0.5674,-0.0096,0.8236,0.0945,0.1517,0.1514,1
18.44,-0.2325,-0.2731,0.3649,0.5682,-0.0155,0.8269,0.0958,0.1497,0.1642,1
18.46,-0.5333,-0.1959,0.1373,0.5649,-0.0217,0.8263,0.0942,0.1499,0.1864,1
18.48,-0.7038,-0.084,-0.0988,0.5685,-0.0154,0.8266,0.0964,0.1493,0.1962,1
18.5,-0.3579,0.3278,-0.2023,0.5714,-0.0145,0.8272,0.0944,0.1508,0.1808,1
18.52,0.1612,-0.0229,-0.0089,0.5702,-0.0143,0.8263,0.0936,0.1509,0.1837,1
18.54,0.3819,-0.4178,0.2815,0.5726,-0.0162,0.8221,0.095,0.1513,0.1515,1
18.56,0.4671,-0.4127,0.3598,0.5709,-0.0145,0.8206,0.0943,0.1489,0.1605,1
18.58,0.5144,-0.0876,0.2023,0.5688,-0.0076,0.8226,0.0926,0.1499,0.166,1
18.6,0.2664,-0.0795,0.1006,0.5651,-0.0084,0.8245,0.0924,0.1503,0.1591,1
18.62,-0.0148,-0.433,0.124,0.5643,-0.0128,0.8256,0.0934,0.1492,0.1703,1
18.64,-0.0402,-0.7637,0.1968,0.5658,-0.012,0.8253,0.0942,0.1491,0.1816,1
18.66,-0.0662,-0.772,0.2985,0.5662,-0.0141,0.8248,0.0942,0.1501,0.1757,1
18.68,-0.2109,-0.1133,0.3285,0.57,-0.0154,0.8269,0.0934,0.1514,0.1612,1
18.7,-0.299,0.7434,0.1868,0.57,-0.0063,0.8273,0.0926,0.1493,0.1487,1
18.72,-0.3735,0.4745,-0.0276,0.5684,-0.0131,0.8245,0.0922,0.1512,0.1671,1
18.74,-0.3485,-0.0914,0.0458,0.5671,-0.0215,0.8217,0.0936,0.151,0.1231,1
18.76,-0.2845,0.1001,-0.0337,0.5645,-0.0118,0.8237,0.0922,0.152,0.1819,1
18.78,-0.3024,0.0353,-0.012,0.5597,-0.0171,0.8278,0.0953,0.149,0.1558,1
18.8,-0.161,0.709,-0.025,0.5625,-0.0066,0.8236,0.0931,0.1486,0.1324,1
18.82,-0.4119,0.6081,0.0168,0.5613,-0.0145,0.8275,0.0915,0.1509,0.129,1
18.84,0.0267,-0.0383,0.2013,0.5677,-0.0251,0.8246,0.0944,0.1498,0.1676,1
18.86,-0.1545,0.344,0.1923,0.5746,-0.0205,0.8245,0.0947,0.1507,0.1837,1
18.88,-0.083,0.433,0.0833,0.5667,-0.0189,0.8268,0.0944,0.1521,0.169,1
18.9,-0.1704,0.1149,0.0108,0.5656,-0.0121,0.8262,0.0942,0.1511,0.1647,1
18.92,0.0817,0.3182,-0.0081,0.5671,-0.0088,0.8238,0.0936,0.1507,0.1955,1
18.94,0.1437,0.8969,0.1948,0.5661,-0.0114,0.8274,0.0946,0.1507,0.1937,1
18.96,-0.1637,0.7377,0.2446,0.5658,-0.0135,0.8293,0.0943,0.1513,0.1701,1
18.98,-0.2794,0.4487,0.1734,0.5672,-0.0122,0.8267,0.0932,0.1509,0.1676,1
19.0,-0.137,0.4007,0.2331,0.5677,-0.0125,0.8252,0.0938,0.1508,0.1702,1
19.02,-0.1544,0.2259,0.2883,0.5674,-0.0131,0.8261,0.094,0.1515,0.1566,1
19.04,-0.2382,0.2629,0.2463,0.5671,-0.0116,0.8284,0.0933,0.1502,0.1537,1
19.06,-0.0605,0.0436,0.1808,0.5661,-0.0154,0.8281,0.0941,0.1501,0.171,1
19.08,-0.0207,0.0437,0.2875,0.5678,-0.0117,0.8232,0.0938,0.1508,0.1578,1
19.1,-0.3378,0.1497,0.3484,0.5685,-0.0186,0.8224,0.0947,0.1519,0.1824,1
19.12,-0.1398,0.554,0.3634,0.5667,-0.0118,0.8237,0.0942,0.1505,0.1847,1
19.14,-0.5934,0.7993,0.3673,0.5669,-0.0144,0.8266,0.0947,0.1517,0.1719,1
19.16,-0.3235,0.7586,0.1668,0.5656,-0.0175,0.8274,0.0954,0.1509,0.1349,1
19.18,-0.2416,0.325,0.4543,0.5652,-0.0223,0.83,0.0945,0.1514,0.1673,1
19.2,-0.0844,0.2322,0.5279,0.5638,-0.0213,0.8287,0.0967,0.1526,0.1665,1
19.22,0.0474,0.047,0.301,0.5609,-0.0145,0.8268,0.0961,0.1521,0.158,1
19.24,0.224,0.379,0.3391,0.5633,-0.0085,0.8269,0.0967,0.1513,0.1501,1
19.26,-0.0145,0.8971,0.3939,0.5582,-0.0117,0.827,0.0959,0.1511,0.1723,1
19.28,-0.2376,0.3368,0.3373,0.5578,-0.0137,0.8272,0.0956,0.1506,0.1885,1
19.3,-0.2886,0.6261,0.3064,0.5568,-0.0125,0.8286,0.0947,0.151,0.1765,1
19.32,-0.3301,0.8276,0.4687,0.557,-0.0118,0.829,0.0936,0.1513,0.1609,1
19.34,-0.2798,0.1147,0.5383,0.5616,-0.0155,0.8294,0.0946,0.1511,0.1566,1
19.36,-0.1586,-0.1404,0.319,0.5643,-0.0152,0.8276,0.0957,0.1505,0.1597,1
19.38,-0.2399,0.0663,0.2002,0.5637,-0.0099,0.8241,0.0948,0.1499,0.1656,1
19.4,-0.4249,-0.0976,0.3885,0.565,-0.0121,0.8265,0.0952,0.1503,0.1732,1
19.42,-0.3829,-0.1054,0.5018,0.5675,-0.0112,0.8278,0.0967,0.15,0.1823,1
19.44,-0.3854,0.0201,0.4374,0.5663,-0.012,0.8276,0.0954,0.1506,0.1629,1
19.46,-0.7094,0.4466,0.4647,0.5643,-0.0102,0.8229,0.0952,0.1473,0.1716,1
19.48,-0.7181,0.3732,0.2069,0.5642,-0.0114,0.8266,0.0958,0.1507,0.1765,1
19.5,-0.6304,-0.2705,0.4001,0.5648,-0.0122,0.8246,0.0956,0.1495,0.1714,1
19.52,-0.5124,-0.4839,0.4014,0.5675,-0.0127,0.826,0.0945,0.1503,0.176,1
19.54,-0.1866,-0.2187,0.3698,0.57,-0.018,0.8246,0.0964,0.1492,0.1974,1
19.56,-0.1712,0.4403,0.7252,0.5582,-0.018,0.828,0.0959,0.1512,0.178,1
19.58,-0.2031,0.4809,0.7034,0.5579,-0.021,0.8257,0.0976,0.1508,0.1674,1
19.6,-0.2242,0.1928,0.7858,0.5617,-0.0125,0.8286,0.0964,0.1504,0.1683,1
19.62,-0.2413,0.4244,0.6468,0.5623,-0.0137,0.8301,0.0964,0.1515,0.1669,1
19.64,-0.1679,0.6995,0.5796,0.5615,-0.0185,0.8288,0.0961,0.1519,0.1582,1
19.66,-0.3714,0.2219,0.5174,0.5636,-0.0044,0.8283,0.0935,0.1504,0.1077,1
19.68,-0.6649,-0.0875,0.6403,0.5639,0.0073,0.8275,0.0917,0.1494,0.066,1
19.7,-0.5506,0.2819,0.5043,0.5617,0.0074,0.8248,0.0917,0.1488,0.0546,1
19.72,-0.2236,0.6068,0.0955,0.5633,0.0075,0.8242,0.0931,0.148,0.0434,1
19.74,-0.2021,0.5792,-0.024,0.5641,0.0086,0.8268,0.0952,0.1488,0.0407,1
19.76,-0.2475,0.2637,-0.0816,0.5589,0.0136,0.8291,0.0948,0.1495,0.047,1
19.78,0.1519,-0.2722,0.4218,0.5587,0.0102,0.8325,0.0938,0.1488,0.0508,1
19.8,0.2598,-0.2843,0.7724,0.5596,0.0051,0.8302,0.0943,0.1495,0.0592,1
19.82,-0.0995,0.2652,0.6873,0.5614,0.0093,0.83,0.0941,0.1495,0.0421,1
19.84,-0.2083,0.5131,0.2874,0.558,0.0179,0.823,0.093,0.1502,0.0395,1
19.86,-0.112,-0.1149,-0.4715,0.556,0.0073,0.8259,0.0944,0.1486,0.042,1
19.88,-0.2794,0.1707,-0.2694,0.5577,-0.0006,0.8305,0.0936,0.1495,0.0459,1
19.9,-0.036,0.1501,-0.2277,0.5642,0.009,0.8268,0.0946,0.1493,0.0703,1
19.92,0.2011,0.7716,0.1884,0.5588,0.0176,0.8245,0.0951,0.1484,0.0492,1
19.94,-0.1261,-0.1041,0.14,0.5615,0.0135,0.8285,0.0942,0.1494,0.0472,1
19.96,-0.3238,-0.015,0.0581,0.5612,0.0147,0.8302,0.0934,0.1493,0.0419,1
19.98,-0.2387,-0.1333,0.1681,0.5596,0.0151,0.8307,0.0941,0.149,0.0544,1
20.0,-0.1923,-0.5678,0.2866,0.5641,0.0122,0.8299,0.094,0.1476,0.0596,1
20.02,-0.3054,-0.5695,0.2949,0.5633,0.0103,0.8263,0.0929,0.1481,0.0559,1
20.04,-0.4369,-0.1794,0.2475,0.5615,0.0096,0.8241,0.0936,0.1491,0.0571,1
20.06,-0.4631,0.0663,0.1517,0.5622,0.0111,0.8259,0.0947,0.1484,0.0686,1
20.08,-0.2519,0.3969,-0.063,0.5631,0.011,0.8255,0.0934,0.1484,0.0714,1
20.1,0.0304,0.8179,-0.2246,0.5667,0.0077,0.8222,0.0928,0.1496,0.0545,1
20.12,-0.084,0.1881,-0.1864,0.5666,0.0101,0.8239,0.0939,0.1487,0.0515,1
20.14,-0.2742,-0.9564,-0.2629,0.5663,0.0087,0.8259,0.0915,0.1475,0.0608,1
20.16,-0.1604,-0.9131,0.0644,0.5637,0.0107,0.8324,0.0921,0.1477,0.0541,1
20.18,-0.0025,0.2706,0.566,0.5559,0.0133,0.836,0.0918,0.148,0.0816,1
20.2,0.0779,0.1371,0.7535,0.5584,0.0231,0.8296,0.0929,0.1479,0.0693,1
20.22,-0.0661,0.5768,0.7076,0.5621,0.0088,0.8223,0.0944,0.1477,0.0384,1
20.24,-0.1693,-0.0148,0.5408,0.557,0.0074,0.8247,0.0919,0.1479,0.045,1
20.26,-0.1656,-1.0317,0.8446,0.5601,0.017,0.8257,0.0938,0.1488,0.06,1
20.28,-0.3433,-0.5179,0.8372,0.5663,0.0133,0.8235,0.092,0.1497,0.0672,1
20.3,-0.2248,0.3457,0.6835,0.5666,0.0092,0.8227,0.0939,0.1503,0.052,1
20.32,-0.4368,0.131,-0.0442,0.5628,0.0125,0.8291,0.0955,0.1494,0.0475,1
20.34,-0.483,0.0944,-0.1995,0.5596,0.0159,0.8333,0.0932,0.1496,0.068,1
20.36,-0.3297,0.123,0.0481,0.5595,0.0144,0.8316,0.0928,0.1505,0.0593,1
20.38,-0.1412,0.2016,0.0888,0.5593,0.0089,0.8295,0.0932,0.1493,0.0462,1
20.4,-0.0129,-0.2181,0.1046,0.561,0.003,0.8283,0.0938,0.1479,0.0643,1
20.42,-0.1161,-0.7093,0.0748,0.5613,0.0024,0.8281,0.0939,0.1485,0.0656,1
20.44,-0.1664,-0.6497,0.0096,0.5573,0.0083,0.8289,0.093,0.1495,0.0375,1
20.46,0.0525,-0.7561,0.2849,0.5588,0.0119,0.8278,0.0934,0.1493,0.0287,1
20.48,0.058,-0.7383,0.5755,0.5662,0.0082,0.8251,0.0934,0.1481,0.0316,1
20.5,0.1346,-0.0558,0.6011,0.5653,0.008,0.8236,0.0921,0.1478,0.028,1
20.52,0.071,0.2399,0.4077,0.5632,0.0073,0.8236,0.0934,0.1494,0.0,1
20.54,-0.1314,0.6465,0.5131,0.5614,0.0129,0.8288,0.0935,0.1485,0.0,1
20.56,-0.3055,0.9729,0.5239,0.5603,0.0197,0.8241,0.0936,0.1503,0.0,1
20.58,-0.6036,0.8307,0.0476,0.5599,0.015,0.8245,0.0938,0.1491,0.0,1
20.6,-0.2608,0.1756,-0.2167,0.5637,0.0126,0.826,0.0941,0.1479,0.0,1
20.62,-0.4117,-0.6563,-0.1123,0.5637,0.0172,0.8304,0.0933,0.1491,0.0,1
20.64,0.1116,-0.8898,0.6038,0.5649,0.0135,0.8287,0.0937,0.1501,0.0467,1
20.66,0.2215,-0.5316,0.7928,0.571,0.0157,0.8218,0.0945,0.1489,0.0467,1
20.68,0.0135,-0.8479,0.4936,0.5721,0.015,0.821,0.0929,0.1491,0.0597,1
20.7,-0.1719,-0.0792,0.101,0.5623,0.0138,0.8243,0.0937,0.1489,0.054,1
20.72,-0.1769,0.4351,-0.0145,0.5558,0.0103,0.8287,0.095,0.1483,0.0648,1
20.74,-0.1234,0.4947,0.3543,0.5561,0.0105,0.829,0.0922,0.149,0.059,1
20.76,-0.1907,0.277,0.7391,0.5593,0.0097,0.8267,0.0919,0.1495,0.0609,1
20.78,-0.3947,0.1821,0.6603,0.5612,0.0076,0.8265,0.0956,0.1493,0.0626,1
20.8,-0.4388,0.3186,0.2857,0.5582,0.0126,0.8276,0.0966,0.1493,0.0358,1
20.82,-0.2736,0.1878,0.1015,0.5569,0.0163,0.8282,0.094,0.1489,0.0313,1
20.84,-0.2298,0.2205,0.1914,0.5625,0.0099,0.8275,0.0925,0.1485,0.0486,1
20.86,-0.1463,0.2959,0.1213,0.5617,0.009,0.8248,0.0956,0.1485,0.054,1
20.88,-0.3321,0.1859,0.1753,0.562,0.0064,0.8278,0.0945,0.1478,0.0589,1
20.9,-0.1555,0.0029,0.2335,0.5613,0.0058,0.8252,0.0946,0.1487,0.05,1
20.92,0.2016,-0.2409,0.2399,0.5571,0.0144,0.8313,0.0952,0.1469,0.0509,1
20.94,0.1251,-0.2272,0.2875,0.5626,0.0078,0.8228,0.0917,0.1482,0.0666,1
20.96,0.0326,-0.6578,0.2231,0.5645,0.0169,0.8227,0.0929,0.1479,0.0384,1
20.98,-0.0567,-0.7212,0.3769,0.5668,0.0185,0.8251,0.0945,0.1477,0.0407,1
21.0,0.097,-0.4398,0.5091,0.5648,0.0083,0.8298,0.0949,0.1489,0.0488,1
21.02,-0.0292,0.6124,0.6651,0.5651,0.016,0.8234,0.0941,0.1489,0.0522,1
21.04,-0.1042,0.5068,0.5846,0.5632,0.0127,0.8228,0.0934,0.1494,0.0351,1
21.06,-0.2107,-0.3897,0.4462,0.5654,0.0061,0.8247,0.0936,0.1504,0.0481,1
21.08,-0.4477,-1.0813,0.2578,0.5601,0.0083,0.8282,0.0929,0.1487,0.0557,1
21.1,-0.4852,-1.5799,0.306,0.5558,0.0085,0.8323,0.093,0.1494,0.0559,1
21.12,-0.1822,-1.0009,0.4594,0.559,0.0102,0.8334,0.0943,0.1497,0.0522,1
21.14,-0.0584,0.2651,0.4771,0.5644,0.0117,0.829,0.0932,0.1484,0.0325,1
21.16,-0.1199,0.3372,0.4049,0.5656,0.0111,0.8259,0.0928,0.1485,0.0277,1
21.18,-0.0778,-0.6297,0.4814,0.5631,0.0126,0.8273,0.0947,0.1484,0.0468,1
21.2,-0.3207,-0.9529,0.7265,0.5637,0.0115,0.8267,0.0943,0.1476,0.0436,1
21.22,-0.577,-0.393,0.6648,0.5661,0.0124,0.8249,0.0954,0.1478,0.0377,1
21.24,-0.434,0.7815,0.4662,0.5674,0.009,0.8203,0.0922,0.1487,0.0362,1
21.26,-0.7933,0.2221,0.3856,0.5648,0.008,0.827,0.0934,0.1489,0.0422,1
21.28,-0.6348,0.0229,0.4296,0.5613,0.0163,0.8266,0.0941,0.1487,0.0419,1
21.3,-0.7187,0.1517,0.6547,0.5589,0.0094,0.8266,0.0945,0.1485,0.0647,1
21.32,-0.153,0.9488,0.5376,0.5663,0.004,0.8231,0.094,0.1501,0.0628,1
21.34,-0.658,0.2763,-0.058,0.564,0.009,0.8209,0.0935,0.147,0.0754,1
21.36,-0.1569,-0.2499,-0.2134,0.5628,0.0065,0.8269,0.0949,0.1468,0.0493,1
21.38,-0.2488,-0.9709,-0.1065,0.5642,0.0041,0.8336,0.095,0.1496,0.0705,1
21.4,-0.3139,0.0671,0.3737,0.5636,0.0037,0.8265,0.0942,0.1472,0.072,1
21.42,-0.25,0.1995,0.6278,0.5667,0.0049,0.8225,0.0938,0.1482,0.0624,1
21.44,-0.319,-0.0665,0.6057,0.5703,0.0125,0.8237,0.094,0.1479,0.0568,1
21.46,-0.4428,0.0773,0.3137,0.5637,0.0127,0.8256,0.0946,0.1466,0.0702,1
21.48,-0.1564,0.2102,0.268,0.5604,0.0057,0.8249,0.0943,0.1469,0.0666,1
21.5,0.1343,-0.0228,0.1137,0.5628,-0.0014,0.8253,0.0942,0.148,0.0617,1
21.52,0.1299,-0.1818,-0.0601,0.5632,-0.0017,0.8273,0.094,0.1475,0.0589,1
21.54,0.1701,-0.1788,-0.0591,0.5619,0.0064,0.8286,0.0933,0.1465,0.0521,1
21.56,0.3096,-0.2644,-0.1871,0.5615,0.0138,0.8302,0.0934,0.1474,0.058,1
21.58,0.3013,-0.1005,-0.1569,0.5652,0.0147,0.8287,0.0933,0.1495,0.0563,1
21.6,0.1019,0.2461,-0.2928,0.5707,0.0124,0.8245,0.0938,0.1501,0.0586,1
21.62,0.074,1.0581,-0.0045,0.5672,0.0137,0.826,0.0944,0.1493,0.0526,1
21.64,-0.4901,2.9794,0.2119,0.5552,0.0132,0.8283,0.0936,0.1496,0.0446,1
21.66,-0.7852,1.1379,0.0643,0.5445,0.0102,0.8289,0.0974,0.1469,0.0453,1
21.68,-0.5869,-1.3492,-0.2066,0.5546,0.0027,0.8246,0.0965,0.149,0.0627,1
21.7,-0.2307,-2.645,0.1041,0.5658,0.0106,0.8228,0.0935,0.1483,0.0949,1
21.72,-0.0024,-3.3261,-0.419,0.5726,0.0083,0.8236,0.0946,0.1488,0.0703,1
21.74,-0.0837,-1.4161,-0.2304,0.5644,0.0085,0.8272,0.0949,0.1495,0.043,1
21.76,-0.1438,-0.5104,0.1458,0.5605,0.0017,0.8296,0.0956,0.1498,0.0594,1
21.78,0.259,-0.3927,0.1589,0.5631,0.0009,0.8257,0.0935,0.1477,0.0521,1
21.8,0.3406,0.1905,0.3956,0.5663,0.0093,0.8239,0.0936,0.147,0.0447,1
21.82,0.3142,0.9152,0.364,0.5667,0.0135,0.8226,0.0936,0.1468,0.0446,1
21.84,0.2914,0.9204,0.2011,0.5594,0.0165,0.8231,0.0929,0.1478,0.0585,1
21.86,0.2905,0.5389,0.3321,0.5617,0.0071,0.8248,0.0922,0.1475,0.062,1
21.88,0.1199,0.373,0.3944,0.5679,0.0056,0.824,0.0927,0.1465,0.0548,1
21.9,-0.1321,-0.0575,0.2271,0.5678,0.0122,0.8228,0.0949,0.1472,0.0519,1
21.92,-0.2157,-1.2,0.1042,0.5657,0.0129,0.8249,0.0952,0.1476,0.0384,1
21.94,-0.2087,-1.7565,-0.0449,0.566,0.0133,0.827,0.0929,0.1466,0.035,1
21.96,-0.2911,-0.6173,-0.1209,0.57,0.0115,0.8248,0.0925,0.1463,0.0662,1
21.98,-0.4962,0.3634,0.1586,0.5663,0.0147,0.8207,0.0935,0.1463,0.0641,1
22.0,-0.5628,-0.0941,0.2133,0.5629,0.0043,0.8249,0.0961,0.1508,0.0705,1
22.02,-0.8425,-0.174,0.4305,0.5593,0.0022,0.8243,0.0931,0.148,0.0589,1
22.04,-0.2035,-0.2362,0.2977,0.5634,0.0158,0.8264,0.0911,0.1476,0.0574,1
22.06,-0.1642,-0.3459,0.1896,0.5679,0.0069,0.8235,0.0921,0.1473,0.0644,1
22.08,0.2409,1.6272,0.0205,0.5744,0.003,0.8205,0.0928,0.1491,0.0697,1
22.1,0.102,1.4474,-0.0192,0.5611,0.0127,0.8276,0.0913,0.1477,0.0645,1
22.12,0.2027,-0.1787,0.388,0.56,0.0133,0.8307,0.0944,0.1472,0.0344,1
22.14,0.2438,-0.7533,0.7196,0.559,0.012,0.8357,0.0957,0.1486,0.0564,1
22.16,0.039,-0.231,0.639,0.5673,0.0129,0.8307,0.0953,0.149,0.036,1
22.18,-0.1638,0.4941,0.5909,0.5605,0.0105,0.8288,0.0939,0.1493,0.0604,1
22.2,-0.3954,1.1614,0.5925,0.5601,0.0117,0.8225,0.0941,0.1493,0.0692,1
22.22,-0.281,1.0834,0.4388,0.5598,0.0109,0.8199,0.0937,0.1495,0.055,1
22.24,-0.0044,0.0186,0.3754,0.5631,0.0006,0.8216,0.0938,0.1487,0.0469,1
22.26,0.0412,-0.4276,0.2429,0.5669,0.0063,0.8251,0.0931,0.149,0.0397,1
22.28,-0.1057,-0.1173,-0.0157,0.5672,0.0144,0.8273,0.0924,0.1495,0.0565,1
22.3,0.0002,0.1235,-0.2239,0.5654,0.0111,0.8282,0.0925,0.1489,0.0636,1
22.32,0.0856,0.4015,-0.1177,0.5653,0.0116,0.8266,0.0931,0.1488,0.0268,1
22.34,-0.2001,0.6897,0.2429,0.5684,0.0111,0.82,0.0941,0.1489,0.027,1
22.36,-0.2031,0.4835,0.2508,0.5681,0.0098,0.8173,0.094,0.1489,0.0712,1
22.38,-0.2472,0.0368,0.0639,0.569,0.0147,0.8227,0.0928,0.1491,0.0638,1
22.4,-0.242,1.1952,-0.2176,0.5685,0.0093,0.827,0.0921,0.1481,0.0439,1
22.42,-0.0951,1.4371,-0.1964,0.5645,0.0056,0.8269,0.0931,0.1482,0.0551,1
22.44,-0.3367,1.0365,-0.4237,0.5643,0.0056,0.8292,0.0933,0.1482,0.0398,1
22.46,-1.058,0.6519,-0.3504,0.5551,0.0176,0.8267,0.0912,0.1471,0.0587,1
22.48,-0.9888,0.0661,-0.3972,0.5616,0.013,0.8316,0.0909,0.1456,0.0655,1
22.5,-1.3187,1.1191,-0.3748,0.5594,0.0164,0.823,0.0871,0.1455,0.0556,1
22.52,-1.0278,0.5434,-0.1127,0.5579,0.0111,0.8227,0.0861,0.1475,0.0341,1
22.54,-1.0857,0.0185,0.4773,0.5643,0.0152,0.8254,0.0868,0.147,0.0285,1
22.56,-0.9323,-0.3421,0.9234,0.5595,0.0064,0.8258,0.0866,0.1477,0.0351,1
22.58,-0.4549,-0.9044,0.9086,0.5622,0.0069,0.8252,0.0863,0.1461,0.0342,1
22.6,-0.3548,-0.4419,0.6546,0.5618,0.0094,0.8243,0.087,0.1451,0.0694,1
22.62,-0.7582,-0.2114,0.4632,0.5634,0.0124,0.8275,0.0853,0.1463,0.0688,1
22.64,-0.9471,0.287,0.4361,0.5607,0.0065,0.8301,0.0853,0.1477,0.0485,1
22.66,-1.1818,0.5644,0.5987,0.5623,0.0057,0.8288,0.0843,0.1475,0.0459,1
22.68,-1.3953,0.3411,0.7632,0.5651,0.0086,0.8265,0.0836,0.1463,0.0509,1
22.7,-1.2227,-0.2344,0.7001,0.5631,0.0031,0.8258,0.0836,0.1455,0.0535,1
22.72,-0.923,-0.8976,0.713,0.5648,-0.0032,0.8248,0.0834,0.1456,0.035,1
22.74,-0.7493,-0.6932,0.8086,0.5696,-0.0016,0.8205,0.0846,0.1466,0.0,1
22.76,-0.648,-0.0653,0.6581,0.5694,0.0029,0.8188,0.0844,0.1478,0.0,1
22.78,-0.532,-0.4962,0.8318,0.5685,0.0052,0.8257,0.0808,0.1487,0.0,1
22.8,-0.2313,-0.8709,0.8292,0.567,0.0037,0.8278,0.075,0.1481,0.0,1
22.82,-0.0011,-1.0919,0.9319,0.5647,0.0056,0.8259,0.0743,0.1496,0.0,1
22.84,0.3431,-1.5917,1.1685,0.5684,0.0084,0.8239,0.0735,0.1498,0.0,1
22.86,0.9332,-1.6937,1.1849,0.5648,0.0007,0.8232,0.0756,0.1476,0.0,1
22.88,1.1542,-1.346,1.0225,0.5747,0.0042,0.8166,0.0775,0.1496,0.0,1
22.9,1.5549,-1.2003,0.7353,0.5726,-0.0084,0.8166,0.0807,0.1492,0.0,1
22.92,1.7567,-1.1374,0.7158,0.5675,0.0009,0.8195,0.0811,0.1501,0.0,1
22.94,1.2064,-1.2733,1.0698,0.5664,0.0053,0.822,0.0793,0.1489,0.0,1
22.96,1.1008,-1.9461,0.9903,0.5662,0.0068,0.8242,0.0782,0.148,0.0,1
22.98,0.7748,-2.2458,0.5254,0.5737,0.004,0.8241,0.0798,0.1492,0.0,1
23.0,0.1565,-0.8851,-0.0823,0.5727,0.0069,0.8216,0.0808,0.1495,0.0,1
23.02,-0.3849,-0.1043,-0.1372,0.5695,0.0126,0.8202,0.0828,0.1492,0.0,1
23.04,-0.5424,0.3292,-0.0779,0.5639,0.0125,0.8248,0.0832,0.1494,0.0,1
23.06,-0.8191,0.471,0.0293,0.5619,0.0099,0.8242,0.0809,0.1486,0.0,1
23.08,-0.8248,0.2368,-0.2435,0.5603,0.0094,0.8215,0.0789,0.1485,0.0,1
23.1,-0.6633,-0.1854,-0.5322,0.563,0.0056,0.824,0.0797,0.1492,0.0,1
23.12,-0.5288,-0.1066,-0.548,0.5684,-0.0005,0.8252,0.0805,0.1492,0.0,1
23.14,-0.588,0.4314,-0.5035,0.5684,0.0017,0.8207,0.0811,0.1489,0.0,1
23.16,-0.6697,0.279,-0.1652,0.5697,0.01,0.8181,0.082,0.1492,0.0,1
23.18,-0.2983,-0.3602,0.2439,0.5751,0.0122,0.821,0.0826,0.1492,0.0,1
23.2,-0.2875,-0.2379,0.2255,0.5731,0.0078,0.8234,0.0854,0.148,0.0,1
23.22,-0.0393,0.2732,0.3959,0.5697,0.001,0.8241,0.0836,0.1502,0.0,1
23.24,0.8104,1.0487,0.3679,0.5657,0.0029,0.8257,0.0867,0.1497,0.0,1
23.26,0.6784,0.7591,0.4992,0.5654,0.0101,0.8267,0.0876,0.1482,0.0,1
23.28,0.5764,0.2891,0.4837,0.5677,0.0103,0.8213,0.0878,0.1483,0.0,1
23.3,0.5343,-0.1508,0.5906,0.5719,0.0069,0.8171,0.0918,0.1482,0.0,1
23.32,0.5335,0.59,0.2967,0.5771,0.009,0.8213,0.089,0.1506,0.0,1
23.34,0.3432,0.8667,0.4825,0.5777,0.0046,0.8138,0.0904,0.1481,0.0,1
23.36,0.5352,0.3221,0.4556,0.5733,0.004,0.8179,0.0918,0.1503,0.0,1
23.38,0.3353,0.0689,0.4004,0.5706,0.0156,0.8248,0.0936,0.1498,0.0,1
23.4,-0.0537,0.389,0.0883,0.5685,0.0127,0.8273,0.092,0.1486,0.0,1
23.42,-0.6953,0.6423,-0.0425,0.5646,0.0143,0.8254,0.0942,0.1499,0.0,1
23.44,-0.5425,0.9755,-0.0277,0.5661,0.0091,0.8237,0.0944,0.1499,0.0,1
23.46,-0.2498,0.5452,-0.0717,0.5687,0.0085,0.8213,0.0949,0.1482,0.0135,1
23.48,-0.3721,0.5124,-0.0088,0.5718,0.0082,0.823,0.094,0.1481,0.0531,1
23.5,-0.2955,1.2618,0.0989,0.5695,0.0077,0.8224,0.0929,0.1498,0.056,1
23.52,-0.0368,1.7671,0.2198,0.567,0.006,0.8222,0.0935,0.1492,0.0578,1
23.54,0.0615,1.5187,0.1454,0.5645,0.0067,0.8237,0.094,0.1485,0.0428,1
23.56,0.0674,1.0723,-0.0525,0.5615,0.0073,0.8268,0.0932,0.1486,0.062,1
23.58,0.1014,0.9517,-0.1445,0.5619,0.0046,0.8284,0.0931,0.1483,0.0795,1
23.6,0.0804,0.9455,-0.0762,0.5633,0.0067,0.8255,0.0937,0.1486,0.0471,1
23.62,0.0522,0.4635,0.0597,0.5629,0.011,0.8233,0.0933,0.1481,0.0521,1
23.64,0.0699,-0.333,0.2196,0.5642,0.0098,0.8243,0.0931,0.1478,0.068,1
23.66,-0.0993,-0.4444,0.4568,0.5661,0.0144,0.8277,0.0921,0.1482,0.0784,1
23.68,-0.0826,-0.048,0.1009,0.5646,0.0098,0.8257,0.0929,0.1473,0.0644,1
23.7,0.1202,0.6353,0.3501,0.5669,0.0081,0.8246,0.0927,0.149,0.0675,1
23.72,-0.3188,1.2559,0.3811,0.5648,0.0151,0.8218,0.0928,0.147,0.047,1
23.74,-0.7188,0.5396,-0.0545,0.5615,0.0115,0.8282,0.0935,0.1486,0.0664,1
23.76,-0.6142,-0.6005,0.0171,0.5573,0.0092,0.8287,0.0932,0.1501,0.0807,1
23.78,-0.637,-0.9706,0.2402,0.5683,0.0074,0.8194,0.0948,0.1485,0.0654,1
23.8,-0.4183,-0.416,-0.0642,0.5746,0.0115,0.8243,0.0942,0.1482,0.0283,1
23.82,-0.5501,-0.3332,0.0882,0.5694,0.0086,0.8227,0.0939,0.1483,0.0283,1
23.84,-0.1033,-0.6594,0.5498,0.5668,0.0112,0.828,0.095,0.149,0.0621,1
23.86,0.0367,0.2184,0.4628,0.5636,0.0171,0.8269,0.0942,0.1494,0.0607,1
23.88,0.3742,0.2038,0.2953,0.5631,0.0034,0.8255,0.0942,0.1483,0.0514,1
23.9,0.1345,-0.0315,0.2661,0.5679,0.0004,0.8251,0.0944,0.1464,0.0623,1
23.92,0.0478,-0.7014,0.3223,0.5658,0.0104,0.8271,0.0959,0.1477,0.042,1
23.94,-0.0489,-0.3915,0.1295,0.5641,0.0094,0.8234,0.0949,0.149,0.0523,1
23.96,-0.1326,0.558,0.1675,0.5668,0.0133,0.8201,0.0946,0.1485,0.0612,1
23.98,-0.1951,0.4832,0.1558,0.5691,0.0176,0.8216,0.0942,0.148,0.0506,1
24.0,-0.376,-0.317,0.1306,0.5672,0.0116,0.8262,0.0941,0.1483,0.0503,1
24.02,-0.4382,-0.8123,0.1483,0.5678,0.0134,0.8276,0.0942,0.1492,0.0503,1
24.04,-0.32,-0.3868,0.142,0.5716,0.0164,0.8237,0.0937,0.1498,0.0547,1
24.06,-0.417,0.0492,0.1515,0.5711,0.0112,0.8216,0.0932,0.1473,0.0561,1
24.08,-0.5606,-0.2395,0.3165,0.5662,0.0108,0.8232,0.0945,0.1444,0.0647,1
24.1,-0.3373,-0.5398,0.506,0.5649,0.01,0.8238,0.0957,0.1464,0.0785,1
24.12,-0.0826,-0.5415,0.3403,0.5693,0.0066,0.8247,0.0943,0.1489,0.0476,1
24.14,0.0566,-0.0362,0.1999,0.5703,0.0064,0.8246,0.0941,0.148,0.0606,1
24.16,0.0164,-0.5576,0.1088,0.5651,0.0026,0.8272,0.0943,0.1471,0.0655,1
24.18,-0.3645,-0.4584,0.0574,0.5629,0.014,0.8295,0.0949,0.1479,0.0653,1
24.2,-0.5963,-0.118,-0.2814,0.5584,0.0212,0.8283,0.093,0.149,0.0586,1
24.22,-0.2558,0.0668,-0.2625,0.5639,0.0148,0.8238,0.0951,0.1482,0.0328,1
24.24,-0.2349,-1.2815,0.3421,0.5686,0.0142,0.8189,0.0961,0.149,0.0681,1
24.26,-0.1872,-0.7814,0.6993,0.5732,0.0044,0.8223,0.0932,0.1462,0.059,1
24.28,-0.4768,0.4444,0.6569,0.5713,0.0133,0.8248,0.0936,0.1495,0.0535,1
24.3,-0.0387,2.064,0.5112,0.5666,0.0087,0.8252,0.0923,0.1483,0.0607,1
24.32,-0.36,2.5473,0.278,0.5655,0.0014,0.8241,0.0944,0.1498,0.0325,1
24.34,0.0832,1.327,0.3159,0.5621,0.003,0.8247,0.0927,0.1493,0.0569,1
24.36,-0.0848,-0.0069,0.4506,0.5612,0.0066,0.8276,0.0925,0.1489,0.0592,1
24.38,-0.0887,-0.3441,0.714,0.5619,0.0085,0.8231,0.0933,0.1473,0.0657,1
24.4,0.1783,-0.3359,0.6267,0.569,0.007,0.8246,0.0936,0.1475,0.0694,1
24.42,0.1253,0.3809,0.3409,0.5713,0.0061,0.8232,0.0936,0.1465,0.051,1
24.44,-0.1723,0.4886,0.38,0.5738,0.007,0.8199,0.0946,0.1461,0.075,1
24.46,-0.3385,0.5745,0.4186,0.5685,0.008,0.8207,0.0946,0.1464,0.064,1
24.48,-0.1652,-0.0416,0.4137,0.5702,0.0142,0.8243,0.0947,0.1492,0.0642,1
24.5,-0.163,0.1054,0.2053,0.5702,0.0092,0.8254,0.0942,0.1485,0.0689,1
24.52,-0.334,0.3358,-0.2144,0.5666,0.0043,0.8267,0.0945,0.1476,0.0623,1
24.54,-0.3948,0.1671,-0.3451,0.5642,0.0039,0.8251,0.095,0.1489,0.0561,1
24.56,-0.17,-0.6242,-0.1614,0.5675,0.0054,0.821,0.0933,0.149,0.0487,1
24.58,0.1296,-1.7554,-0.0356,0.5726,0.0095,0.8193,0.0922,0.1478,0.0544,1
24.6,0.0222,-1.5419,0.0738,0.5714,0.0124,0.8195,0.093,0.1465,0.0587,1
24.62,-0.1719,-0.3782,0.2362,0.5692,0.0179,0.8237,0.0931,0.1461,0.0575,1
24.64,0.0418,0.4843,0.2379,0.5682,0.0191,0.829,0.0943,0.148,0.0817,1
24.66,0.1224,1.0845,0.1777,0.5655,0.0116,0.8282,0.095,0.1493,0.0782,1
24.68,-0.1422,0.8087,0.3129,0.5573,0.0094,0.8253,0.0932,0.1471,0.064,1
24.7,-0.3635,0.2492,0.2317,0.56,0.0045,0.8197,0.0938,0.1472,0.0586,1
24.72,-0.1033,-0.548,0.0969,0.5676,-0.0037,0.8188,0.0938,0.1481,0.0579,1
24.74,-0.0689,-0.0914,-0.3552,0.5649,-0.0024,0.8245,0.0946,0.1483,0.0716,1
24.76,-0.0955,-0.0871,-0.7836,0.5677,0.0124,0.8232,0.0964,0.1503,0.0258,1
24.78,0.2129,0.0859,-0.3243,0.5683,0.0172,0.8261,0.095,0.15,0.0326,1
24.8,0.3796,0.0145,0.0967,0.5712,0.0118,0.8217,0.0948,0.1501,0.0276,1
24.82,0.2865,-0.5367,0.5264,0.5681,0.0185,0.8196,0.0926,0.149,0.0678,1
24.84,-0.3512,0.1907,0.4818,0.5652,0.0047,0.8267,0.0919,0.1494,0.0391,1
24.86,-0.3887,0.5611,0.3223,0.5626,0.0135,0.8235,0.0932,0.1483,0.0529,1
24.88,-0.4142,-0.4238,0.5748,0.5631,0.0125,0.8281,0.0899,0.1479,0.0587,1
24.9,-0.4617,0.2508,0.8014,0.5714,0.0114,0.8241,0.0934,0.1483,0.0665,1
24.92,-0.5892,0.6918,0.7514,0.5711,0.0115,0.8212,0.0928,0.148,0.0742,1
24.94,-0.4936,0.4173,0.3885,0.5695,0.0031,0.824,0.0954,0.1496,0.0703,1
24.96,-0.575,-0.2768,0.2221,0.5652,0.0071,0.8266,0.0956,0.1487,0.0531,1
24.98,-0.5615,0.825,-0.0934,0.5653,0.0055,0.8222,0.0943,0.1497,0.0664,1
25.0,-0.5916,0.7589,-0.2042,0.5649,0.0104,0.8216,0.0939,0.1489,0.064,1
25.02,-0.2287,0.1437,-0.2334,0.5643,0.012,0.8235,0.0953,0.1496,0.0534,1
25.04,-0.0856,-0.2521,0.1806,0.5653,0.0117,0.8256,0.0949,0.147,0.0652,1
25.06,-0.1371,-0.1543,0.9,0.5678,0.0107,0.8236,0.0943,0.1475,0.0623,1
25.08,-0.1407,-0.4873,0.8116,0.5685,0.0042,0.8205,0.0938,0.1489,0.0464,1
25.1,-0.2102,-0.6691,0.4107,0.5673,0.0061,0.8198,0.0931,0.1494,0.0499,1
25.12,-0.2872,-0.5799,0.4702,0.564,0.0141,0.8206,0.0934,0.1481,0.0606,1
25.14,-0.1508,-0.6374,0.4918,0.5636,0.0131,0.8233,0.0937,0.1484,0.0721,1
25.16,0.116,-0.026,0.3785,0.5656,0.0053,0.8252,0.0933,0.1487,0.0724,1
25.18,0.0613,0.7552,0.315,0.5638,0.0032,0.8236,0.0937,0.1478,0.0602,1
25.2,-0.2018,0.6952,0.0246,0.5635,0.011,0.8228,0.0946,0.1497,0.0516,1
25.22,-0.2826,0.6851,-0.1577,0.5668,0.0149,0.8253,0.0936,0.1499,0.0428,1
25.24,-0.2567,0.472,0.1946,0.5672,0.0123,0.8254,0.0928,0.1484,0.0575,1
25.26,0.054,-0.5886,0.5262,0.5685,0.0142,0.8236,0.0939,0.1488,0.0758,1
25.28,-0.0686,-0.7578,0.3351,0.5714,0.0111,0.8261,0.0934,0.1503,0.0599,1
25.3,-0.419,0.0213,0.16,0.5676,0.0163,0.8235,0.095,0.1495,0.0548,1
25.32,-0.1347,-0.1505,0.1673,0.5669,0.0153,0.8239,0.0939,0.1499,0.0665,1
25.34,-0.1092,0.307,0.3503,0.5679,0.003,0.8234,0.0945,0.1485,0.062,1
25.36,-0.1242,-0.3052,0.4845,0.5692,0.0059,0.8189,0.0937,0.1485,0.0691,1
25.38,0.1552,-0.9346,0.4818,0.5729,0.0034,0.8213,0.0925,0.1467,0.0728,1
25.4,0.155,-0.6231,0.4166,0.5701,0.0087,0.823,0.093,0.1498,0.0024,1
25.42,-0.1704,-0.3127,0.2742,0.5663,0.0165,0.8206,0.0922,0.1485,0.0721,1
25.44,-0.3046,0.5462,0.327,0.5668,0.0117,0.8258,0.0921,0.1487,0.042,1
25.46,-0.3424,0.6067,0.3623,0.5669,0.0016,0.8259,0.0957,0.1482,0.0575,1
25.48,-0.4347,1.0126,0.059,0.5614,0.0028,0.8172,0.0964,0.1478,0.0529,1
25.5,-0.4164,-0.8013,0.1499,0.5657,0.0044,0.8219,0.0951,0.148,0.0702,1
25.52,-0.1798,-0.5862,0.15,0.5689,0.0048,0.8216,0.0983,0.1484,0.046,1
25.54,0.015,0.413,0.415,0.5755,0.0079,0.8193,0.0956,0.1497,0.0671,1
25.56,0.1029,0.7938,0.372,0.5724,0.0071,0.8179,0.0974,0.1503,0.0875,1
25.58,-0.0248,0.6965,0.3649,0.5618,0.011,0.8256,0.0937,0.1501,0.0719,1
25.6,-0.0599,-0.3418,0.3933,0.564,0.0154,0.8316,0.0932,0.1495,0.0477,1
25.62,0.0258,-0.3301,0.2822,0.5633,0.0187,0.8309,0.0955,0.1484,0.0533,1
25.64,-0.1841,0.6522,0.1722,0.5683,0.008,0.824,0.0967,0.1493,0.072,1
25.66,-0.2786,0.4457,0.2642,0.5686,0.0064,0.8219,0.0948,0.1487,0.0823,1
25.68,-0.0508,0.2332,0.2921,0.5665,0.0107,0.823,0.0946,0.1472,0.0531,1
25.7,-0.1798,0.5288,0.3563,0.5645,0.0098,0.8255,0.0938,0.1474,0.0775,1
25.72,-0.2358,-0.0389,0.3225,0.563,0.0102,0.8302,0.0941,0.1489,0.0482,1
25.74,-0.2323,-0.3027,0.4183,0.5635,0.0091,0.831,0.0951,0.1491,0.0466,1
25.76,-0.246,0.2801,0.1961,0.5659,0.0142,0.8265,0.0946,0.1482,0.0715,1
25.78,-0.2269,0.1649,0.0408,0.5663,0.0117,0.822,0.0936,0.1475,0.08,1
25.8,-0.4239,-0.4904,-0.0793,0.563,0.0069,0.824,0.0944,0.1475,0.0707,1
25.82,-0.5076,-0.6428,-0.2657,0.5677,0.0105,0.8221,0.0958,0.1483,0.0605,1
25.84,-0.2494,-0.2697,-0.3089,0.5756,0.0133,0.8192,0.0953,0.1483,0.0474,1
25.86,-0.0759,0.0198,-0.0047,0.578,0.0084,0.8231,0.0956,0.1485,0.0458,1
25.88,-0.0575,0.2444,0.485,0.5719,0.01,0.8256,0.0969,0.15,0.049,1
25.9,-0.0364,0.4492,0.5229,0.5647,0.0143,0.8243,0.0962,0.1501,0.0388,1
25.92,-0.064,0.4307,0.2272,0.5648,0.008,0.8219,0.0951,0.1494,0.0545,1
25.94,-0.0576,0.6246,0.1979,0.5607,0.008,0.8199,0.0947,0.1492,0.0699,1
25.96,0.1146,0.6035,0.3999,0.5604,0.0078,0.8176,0.0944,0.1481,0.0529,1
25.98,0.2726,0.1391,0.4905,0.5615,0.0075,0.8202,0.0937,0.1471,0.0541,1
26.0,0.1056,-0.113,0.5922,0.5639,0.0094,0.8244,0.0932,0.1483,0.0757,1
26.02,-0.0683,-0.0952,0.4326,0.5648,0.0093,0.8236,0.0919,0.1485,0.0578,1
26.04,-0.241,-0.7762,-0.1598,0.5679,0.0112,0.827,0.0924,0.1476,0.048,1
26.06,-0.3069,-0.4171,-0.3078,0.567,0.01,0.8253,0.0922,0.1461,0.0662,1
26.08,-0.5527,0.0455,-0.1746,0.5659,0.0083,0.8239,0.0929,0.1467,0.0629,1
26.1,-0.1224,0.7545,0.0053,0.5704,0.0102,0.8228,0.0946,0.1481,0.0625,1
26.12,-0.1698,0.664,0.1083,0.5647,0.0141,0.8212,0.0948,0.1481,0.0533,1
26.14,-0.0841,0.2199,0.1169,0.5679,0.0134,0.8214,0.0961,0.1477,0.07,1
26.16,-0.3428,0.2208,0.0212,0.5671,0.0154,0.8236,0.0921,0.1459,0.0644,1
26.18,-0.1802,-0.2183,0.4582,0.5702,0.0129,0.8234,0.0947,0.1472,0.0319,1
26.2,0.0785,0.0239,0.3828,0.5645,0.0073,0.8292,0.0949,0.1463,0.0546,1
26.22,-0.1203,-0.4346,0.4523,0.5636,0.0126,0.824,0.0946,0.1465,0.0889,1
26.24,-0.102,0.5265,0.024,0.5688,0.0187,0.8249,0.0938,0.1476,0.088,1
26.26,-0.2239,0.404,0.2737,0.5605,0.0109,0.826,0.0958,0.1475,0.0401,1
26.28,-0.2279,1.3933,0.2261,0.5667,0.0143,0.8216,0.0956,0.1484,0.0427,1
26.3,0.0382,0.5287,0.4012,0.562,0.0243,0.8192,0.0933,0.1486,0.0759,1
26.32,0.2617,-0.8737,0.3969,0.568,0.0159,0.821,0.0945,0.1465,0.0745,1
26.34,-0.0671,-0.1131,0.7607,0.5655,0.0097,0.8307,0.094,0.1479,0.062,1
26.36,-0.4381,0.5092,0.7258,0.5645,0.0099,0.8256,0.0948,0.1494,0.0486,1
26.38,-0.1504,-0.06,0.5416,0.5637,0.012,0.8286,0.0949,0.1486,0.0803,1
26.4,-0.1223,0.3761,-0.1811,0.5672,0.0129,0.8201,0.0948,0.1479,0.0604,1
26.42,-0.3167,-0.044,-0.0024,0.5688,0.0099,0.8201,0.0944,0.1492,0.0558,1
26.44,-0.093,-0.4427,0.2452,0.5577,0.0111,0.8238,0.0972,0.1497,0.052,1
26.46,-0.1752,-0.8016,0.1997,0.5596,0.0127,0.8242,0.0956,0.1475,0.0535,1
26.48,-0.3646,-0.7674,0.4058,0.5623,0.0146,0.8222,0.0937,0.1474,0.051,1
26.5,-0.2167,-0.5477,0.409,0.567,0.0086,0.827,0.0957,0.1462,0.0463,1
26.52,-0.3909,-0.2679,0.2147,0.5669,0.0115,0.8281,0.0957,0.1462,0.0528,1
26.54,-0.117,0.2994,0.587,0.5669,0.0065,0.8254,0.0945,0.1472,0.0485,1
26.56,-0.1399,0.7902,0.4611,0.5645,0.005,0.8234,0.0949,0.148,0.0593,1
26.58,-0.3987,0.7933,0.428,0.5668,0.0114,0.8202,0.0971,0.1477,0.0769,1
26.6,-0.3908,0.3663,0.0976,0.5653,0.011,0.8197,0.0955,0.1475,0.0974,1
26.62,-0.3138,0.1695,0.1258,0.5638,0.0109,0.8264,0.0961,0.1482,0.0836,1
26.64,-0.2992,0.1282,0.0581,0.5632,0.0112,0.826,0.0959,0.1479,0.081,1
26.66,-0.2382,0.0584,-0.2984,0.5649,0.0123,0.8243,0.0934,0.1474,0.0703,1
26.68,-0.298,-0.1618,-0.3899,0.5661,0.0121,0.8238,0.0946,0.1464,0.0661,1
26.7,-0.1671,-0.4308,0.1865,0.5665,0.0094,0.8272,0.0954,0.1483,0.074,1
26.72,-0.0742,-0.0547,0.6601,0.5655,0.0091,0.8289,0.0954,0.1505,0.0645,1
26.74,0.0274,0.3534,0.6208,0.5659,0.0107,0.8266,0.0949,0.1503,0.0563,1
26.76,-0.1293,0.2917,0.1576,0.564,0.009,0.8232,0.0946,0.1487,0.0606,1
26.78,-0.3073,0.0306,-0.1288,0.5606,0.0052,0.8217,0.0961,0.1469,0.0662,1
26.8,-0.1354,0.0701,-0.0417,0.5614,0.0066,0.8256,0.0948,0.1465,0.0549,1
26.82,-0.0423,0.2034,0.257,0.5642,0.0101,0.8286,0.0937,0.1463,0.0413,1
26.84,-0.151,0.1847,0.407,0.5633,0.0096,0.8254,0.0949,0.1458,0.0542,1
26.86,-0.1321,-0.2106,0.2684,0.5658,0.0116,0.8236,0.094,0.1458,0.0613,1
26.88,-0.0337,-0.6987,0.0336,0.5688,0.0172,0.8251,0.0936,0.148,0.0663,1
26.9,0.0189,-0.6846,-0.0937,0.5654,0.0169,0.8263,0.0956,0.1509,0.0803,1
26.92,0.2173,-0.6317,0.2014,0.5659,0.0127,0.8264,0.0952,0.1495,0.0703,1
26.94,0.0298,-0.212,0.4105,0.5693,0.0105,0.8244,0.0945,0.1475,0.0592,1
26.96,-0.4908,0.2092,0.1673,0.5693,0.0097,0.8219,0.0953,0.1483,0.0643,1
26.98,-0.411,-0.1778,0.1104,0.5665,0.0118,0.8238,0.0939,0.1477,0.0652,1
27.0,-0.2338,-0.0855,0.4829,0.5666,0.0156,0.8279,0.0944,0.1474,0.0688,1
27.02,-0.1527,0.2033,0.5416,0.5684,0.0152,0.8239,0.0957,0.1489,0.0783,1
27.04,0.0022,-0.2965,0.2616,0.5702,0.0104,0.825,0.0963,0.1494,0.0512,1
27.06,-0.1383,0.0232,-0.0443,0.5693,0.0155,0.825,0.0953,0.1502,0.0602,1
27.08,-0.4459,0.5267,0.0181,0.5662,0.0167,0.8202,0.095,0.1497,0.076,1
27.1,-0.1386,-0.1232,-0.0301,0.5655,0.0106,0.822,0.0942,0.1482,0.0696,1
27.12,0.1662,-0.2002,-0.0944,0.5669,0.0109,0.8216,0.0956,0.1467,0.0436,1
27.14,0.0986,-0.2131,0.1654,0.5666,0.0182,0.8237,0.0956,0.1471,0.0561,1
27.16,0.0141,0.0449,0.379,0.5649,0.0176,0.8266,0.096,0.1476,0.0666,1
27.18,-0.066,0.2131,0.3752,0.5689,0.0162,0.8237,0.0964,0.1481,0.052,1
27.2,-0.1658,0.131,0.3353,0.5672,0.0147,0.8247,0.0954,0.1467,0.0354,1
27.22,-0.2082,-0.3365,0.222,0.5623,0.0119,0.824,0.0938,0.1468,0.0486,1
27.24,-0.0871,-0.1892,0.1384,0.5617,0.0085,0.8241,0.0941,0.1487,0.0699,1
27.26,-0.265,0.3782,0.4183,0.5658,0.0044,0.825,0.0956,0.1472,0.0686,1
27.28,-0.3304,0.4633,0.4057,0.5667,0.0095,0.824,0.0953,0.1465,0.0774,1
27.3,-0.0309,0.1046,0.3793,0.5641,0.0096,0.8246,0.0946,0.1468,0.1034,1
27.32,-0.2319,0.3088,0.1402,0.5683,0.005,0.8255,0.0962,0.1462,0.0685,1
27.34,-0.2504,0.3644,0.4608,0.5649,0.0113,0.8296,0.0954,0.1466,0.0648,1
27.36,-0.1944,0.1244,0.6033,0.5637,0.0113,0.8282,0.0949,0.1471,0.0669,1
27.38,-0.2643,0.3396,0.6166,0.5653,0.0031,0.8223,0.0943,0.1445,0.0806,1
27.4,-0.4602,-0.2527,0.3739,0.5633,0.0079,0.8219,0.0958,0.1472,0.0759,1
27.42,-0.6121,0.4441,0.0129,0.5713,0.0061,0.8247,0.0939,0.1474,0.0564,1
27.44,0.1733,0.1344,0.3111,0.5666,0.0055,0.8264,0.0917,0.1458,0.0492,1
27.46,0.2849,-0.404,0.5116,0.5725,0.0123,0.8209,0.0935,0.1453,0.0745,1
27.48,0.1735,0.7826,0.886,0.5701,0.0033,0.8223,0.0959,0.1457,0.0647,1
27.5,-0.1886,-0.1902,0.6769,0.571,0.0052,0.8244,0.0957,0.1466,0.0709,1
27.52,-0.3619,0.1658,0.0531,0.5592,0.0155,0.8225,0.095,0.1467,0.0812,1
27.54,-0.0457,0.2907,-0.0404,0.5586,0.01,0.8202,0.0955,0.1463,0.0682,1
27.56,0.1397,0.3556,0.3184,0.562,0.0045,0.8245,0.0964,0.1458,0.0312,1
27.58,-0.0237,-0.1899,0.241,0.5628,0.0067,0.8243,0.0962,0.146,0.0213,1
27.6,-0.0263,-0.6841,0.015,0.5675,0.0134,0.8286,0.0964,0.1461,0.0824,1
27.62,-0.0708,-0.4356,0.0483,0.5727,0.0142,0.8281,0.0979,0.1465,0.0468,1
27.64,-0.2817,0.6613,0.1339,0.5666,0.0162,0.8241,0.0947,0.146,0.0649,1
27.66,-0.2086,0.2131,0.1345,0.5648,0.0157,0.8246,0.0957,0.147,0.0345,1
27.68,-0.2561,0.2259,0.2238,0.5663,0.0074,0.8255,0.0942,0.1473,0.0448,1
27.7,-0.2368,0.3249,0.1574,0.5687,0.005,0.8223,0.0932,0.1481,0.0675,1
27.72,-0.2185,0.3841,0.0082,0.5648,0.0071,0.8207,0.0976,0.1463,0.0444,1
27.74,-0.1556,-0.438,0.126,0.5628,0.0115,0.8237,0.0932,0.1466,0.0411,1
27.76,0.5003,-0.604,0.2339,0.5636,0.0151,0.8285,0.0937,0.1481,0.0743,1
27.78,0.2122,-0.7592,-0.0183,0.5676,0.0145,0.8258,0.0926,0.1479,0.0669,1
27.8,0.2068,0.224,0.2849,0.567,0.006,0.8244,0.0936,0.1443,0.026,1
27.82,-0.1154,-0.035,0.4999,0.5663,0.0114,0.8211,0.0959,0.1458,0.0624,1
27.84,-0.5355,0.4145,0.3011,0.5626,0.0062,0.8239,0.0944,0.1474,0.1006,1
27.86,-0.3028,0.0447,0.0925,0.5616,0.0063,0.8219,0.096,0.1488,0.0799,1
27.88,-0.2141,0.2352,0.2719,0.5639,0.0081,0.8248,0.0957,0.1502,0.0351,1
27.9,-0.0209,0.3645,0.2614,0.5601,0.0072,0.8231,0.0936,0.1483,0.0489,1
27.92,-0.0791,-0.0138,0.2271,0.5661,0.0155,0.8305,0.0939,0.1471,0.0431,1
27.94,-0.1323,0.2933,0.1607,0.5664,0.0037,0.8256,0.0947,0.1488,0.0579,1
27.96,-0.1102,-0.222,0.099,0.5683,0.0166,0.8229,0.0972,0.1458,0.0771,1
27.98,-0.2344,0.4834,0.2719,0.5647,0.011,0.8246,0.0937,0.1486,0.0788,1
28.0,-0.1134,-0.631,-0.0914,0.5655,0.0133,0.8217,0.0963,0.1466,0.0405,1
28.02,-0.2587,0.115,0.3033,0.5688,0.0102,0.8263,0.0944,0.1476,0.0639,1
28.04,-0.2461,0.3816,0.3508,0.5641,0.016,0.8206,0.0961,0.1465,0.0908,1
28.06,-0.1456,0.2786,0.4139,0.5636,0.01,0.8232,0.0968,0.1487,0.056,1
28.08,-0.0224,-0.1038,0.243,0.5678,0.0096,0.8257,0.0964,0.1488,0.0538,1
28.1,-0.6039,0.6744,0.2595,0.5603,0.0105,0.8247,0.0939,0.1494,0.0642,1
28.12,-0.4123,1.2594,-0.1883,0.5626,0.0047,0.8185,0.0946,0.1494,0.0686,1
28.14,0.0806,0.7792,-0.657,0.5638,0.0083,0.8245,0.0953,0.1501,0.0678,1
28.16,-0.2666,0.3184,-0.4074,0.5658,0.0102,0.8296,0.0919,0.1484,0.059,1
28.18,0.2348,-0.3118,0.3904,0.5625,0.0068,0.8276,0.0967,0.1505,0.0509,1
28.2,0.2044,-0.2217,0.524,0.5676,0.0091,0.8263,0.0985,0.1499,0.0601,1
28.22,0.2644,0.3293,0.6912,0.5653,0.0138,0.8255,0.0939,0.1463,0.0797,1
28.24,-0.0347,-0.0345,0.1399,0.5575,0.0096,0.8224,0.0957,0.1471,0.0276,1
28.26,-0.0243,-0.2972,0.3652,0.5642,0.0088,0.8259,0.0967,0.1496,0.0541,1
28.28,0.0558,0.0597,0.4515,0.5645,0.0139,0.8243,0.0942,0.1487,0.0561,1
28.3,0.1967,0.6776,0.5675,0.5651,0.0052,0.8231,0.0977,0.1465,0.0651,1
28.32,-0.1429,-0.3274,0.3235,0.5615,0.0115,0.8278,0.0949,0.1487,0.0753,1
28.34,-0.316,-0.245,-0.3997,0.5686,0.0164,0.8307,0.0942,0.1491,0.0721,1
28.36,-0.4401,0.8598,-0.2734,0.5654,0.0107,0.8204,0.0956,0.1489,0.0591,1
28.38,-0.1088,0.3242,0.0906,0.5661,0.0139,0.8248,0.0979,0.1473,0.0689,1
28.4,-0.2442,-0.1366,0.4303,0.5647,0.0124,0.8269,0.0941,0.149,0.0517,1
28.42,-0.1847,-0.2392,0.4681,0.5644,0.0116,0.8253,0.0942,0.1475,0.0578,1
28.44,-0.1307,0.3494,0.4549,0.566,0.0187,0.8214,0.0947,0.1453,0.0717,1
28.46,-0.2691,0.1356,0.3515,0.5668,0.0078,0.826,0.0949,0.1484,0.0767,1
28.48,-0.2061,0.1533,0.2045,0.5628,0.01,0.8271,0.0959,0.1488,0.0862,1
28.5,-0.3811,-0.0223,0.2904,0.5596,0.0119,0.8306,0.0934,0.1469,0.0699,1
28.52,-0.1944,0.429,0.3831,0.5614,0.0155,0.8262,0.0939,0.1473,0.0524,1
28.54,-0.2178,0.8654,0.6429,0.5628,0.0127,0.8173,0.0952,0.1469,0.073,1
28.56,-0.2266,-0.2813,0.4245,0.5609,0.0138,0.8213,0.096,0.1476,0.0583,1
28.58,-0.6002,-0.9005,0.4787,0.5596,0.0123,0.8293,0.0964,0.1479,0.0599,1
28.6,-0.1242,-0.0753,0.6651,0.5632,0.0238,0.8301,0.0968,0.1445,0.0654,1
28.62,-0.2759,0.3369,0.7708,0.5639,0.0148,0.8284,0.094,0.1486,0.0739,1
28.64,-0.4281,0.7843,0.5117,0.5596,0.0056,0.8266,0.0933,0.1491,0.0581,1
28.66,-0.4534,0.446,0.1143,0.5637,0.0047,0.8269,0.0928,0.1455,0.0817,1
28.68,-0.3951,-0.1789,0.1874,0.5638,0.0101,0.829,0.0945,0.1478,0.0805,1
28.7,-0.1796,0.3615,0.3032,0.5623,0.0088,0.8213,0.0959,0.1494,0.0608,1
28.72,-0.0717,-0.3724,0.2465,0.5639,0.0132,0.828,0.0945,0.146,0.1028,1
28.74,-0.157,-0.6185,0.2847,0.5638,0.0004,0.8219,0.0956,0.1489,0.0511,1
28.76,0.0129,-1.1183,0.4325,0.5659,0.0123,0.8296,0.0927,0.1479,0.0646,1
28.78,0.2023,-0.1708,0.425,0.5643,0.0049,0.8294,0.0947,0.1482,0.0735,1
28.8,-0.1036,0.3554,0.5671,0.5592,0.0023,0.8219,0.0966,0.1493,0.0495,1
28.82,-0.099,0.2711,-0.0951,0.5621,0.0167,0.8185,0.0956,0.1475,0.0767,1
28.84,-0.364,-0.1455,-0.0887,0.5667,0.01,0.8255,0.0957,0.1491,0.0757,1
28.86,-0.2915,-0.2714,0.0249,0.5671,0.0144,0.8236,0.0959,0.1503,0.0469,1
28.88,-0.4581,-0.7242,0.5658,0.5653,0.0201,0.8269,0.0945,0.1511,0.0738,1
28.9,-0.0654,0.6258,0.482,0.5648,0.0088,0.8206,0.095,0.1521,0.0973,1
28.92,-0.1645,0.5532,0.1666,0.5623,0.0063,0.8187,0.0975,0.1481,0.0798,1
28.94,-0.5289,0.1189,-0.1357,0.5607,0.0114,0.8219,0.097,0.1484,0.0597,1
28.96,-0.1346,0.4364,0.2373,0.5558,0.0202,0.8247,0.0963,0.1464,0.0548,1
28.98,0.236,0.3332,0.4193,0.5627,0.0057,0.8269,0.0936,0.1458,0.0327,1
29.0,0.2017,0.525,0.379,0.5552,0.0155,0.8232,0.095,0.1456,0.0744,1
29.02,-0.0691,0.5329,0.0921,0.561,0.0138,0.8225,0.0962,0.1446,0.0608,1
29.04,-0.1247,0.3451,-0.2684,0.5624,0.015,0.8266,0.0962,0.1464,0.0714,1
29.06,-0.2757,0.4004,0.1509,0.5655,0.0101,0.821,0.0958,0.1465,0.0844,1
29.08,-0.2382,-0.0089,0.1388,0.5654,0.0142,0.8248,0.0963,0.145,0.0895,1
29.1,-0.1879,0.1601,0.1366,0.5645,0.0142,0.8262,0.0946,0.1451,0.0525,1
29.12,-0.1823,-0.1353,0.0335,0.56,0.0158,0.8272,0.0952,0.1445,0.0846,1
29.14,-0.117,-0.5517,0.0802,0.5652,0.0106,0.8249,0.0981,0.1477,0.0574,1
29.16,-0.0691,0.1894,0.2237,0.5671,0.0131,0.8232,0.0964,0.1467,0.081,1
29.18,-0.3313,-0.2475,0.5464,0.565,0.0085,0.8213,0.0953,0.1461,0.059,1
29.2,-0.1417,-0.2136,0.4545,0.5667,0.0131,0.8247,0.0936,0.1463,0.0352,1
29.22,-0.2223,-0.3365,0.4008,0.5634,0.0167,0.824,0.0958,0.1443,0.035,1
29.24,-0.0048,-0.3565,0.2845,0.5652,0.0118,0.8254,0.0971,0.1461,0.055,1
29.26,-0.0721,0.2459,0.3325,0.5612,0.0132,0.8215,0.094,0.147,0.0635,1
29.28,0.1371,0.2814,0.2216,0.5618,0.0087,0.8245,0.0971,0.1464,0.0632,1
29.3,0.2116,0.474,0.4741,0.5612,0.016,0.8285,0.0969,0.1474,0.0682,1
29.32,0.1037,0.5537,0.3127,0.5597,0.0168,0.8258,0.0957,0.1474,0.0603,1
29.34,-0.0811,-0.3055,0.1175,0.5595,0.013,0.8272,0.0949,0.1464,0.0617,1
29.36,-0.6015,-0.4741,0.2018,0.5621,0.0087,0.8275,0.0963,0.147,0.0616,1
29.38,-0.5293,-0.7641,0.6887,0.5634,0.0115,0.8265,0.0937,0.1475,0.0451,1
29.4,-0.4121,0.1557,0.6687,0.5646,0.0166,0.8237,0.0952,0.146,0.0446,1
29.42,-0.4071,0.0684,0.3552,0.5634,0.0169,0.8218,0.0947,0.1466,0.0722,1
29.44,-0.6372,-0.4275,0.0771,0.562,0.0103,0.821,0.0952,0.1461,0.0609,1
29.46,-0.6488,-0.4562,0.4038,0.5601,0.0139,0.8231,0.0948,0.1469,0.0576,1
29.48,-0.3877,-0.3004,0.454,0.5635,0.0147,0.826,0.0937,0.1459,0.0646,1
29.5,-0.459,-0.0924,0.5832,0.5611,0.0145,0.8243,0.0957,0.1466,0.0519,1
29.52,-0.6855,-0.7463,0.4853,0.5615,0.0103,0.8251,0.0944,0.1447,0.0705,1
29.54,-0.5821,-0.022,0.284,0.5658,0.0078,0.8245,0.0928,0.1471,0.0557,1
29.56,-0.4347,0.5449,0.5468,0.5685,0.0103,0.8236,0.0898,0.148,0.0629,1
29.58,-0.3959,0.5089,0.5796,0.5657,0.007,0.8245,0.0888,0.1476,0.0493,1
29.6,-0.3878,-0.2556,0.539,0.5647,0.0046,0.8264,0.0898,0.1469,0.0496,1
29.62,-0.4878,-0.0026,0.4327,0.5611,0.007,0.8271,0.0898,0.1468,0.0613,1
29.64,-0.6186,0.327,0.0595,0.5583,0.0113,0.8278,0.0905,0.1457,0.0168,1
29.66,-0.5215,0.5613,-0.038,0.5609,0.0091,0.825,0.089,0.147,0.0,1
29.68,-0.3293,-0.2812,0.178,0.5607,0.0068,0.8243,0.0867,0.1467,0.0,1
29.7,-0.3244,-0.9203,0.482,0.5608,0.0109,0.8255,0.0855,0.1456,0.0,1
29.72,-0.3488,-0.984,0.582,0.5642,0.011,0.8243,0.0866,0.1476,0.0,1
29.74,-0.2616,-1.0511,0.4521,0.5665,0.0076,0.8255,0.0863,0.1479,0.0,1
29.76,-0.2597,-0.4965,0.3801,0.5678,0.0054,0.8278,0.085,0.1472,0.0,1
29.78,-0.4145,-0.0627,0.4197,0.5663,0.0098,0.8274,0.0846,0.1465,0.0031,1
29.8,-0.5345,-0.1329,0.3604,0.565,0.0103,0.8248,0.0835,0.147,0.0026,1
29.82,-0.2967,-0.4878,-0.1064,0.5671,0.0057,0.8243,0.0842,0.1475,0.0,1
29.84,-0.2163,-0.7633,-0.3668,0.5686,0.0043,0.8255,0.0834,0.1469,0.0,1
29.86,-0.1463,-0.5498,-0.2889,0.5669,0.0085,0.8264,0.0827,0.1464,0.0,1
29.88,-0.0895,-0.3502,-0.0402,0.5625,0.0108,0.8257,0.0817,0.1478,0.0,1
29.9,-0.2186,-0.7507,0.4254,0.5642,0.0132,0.8232,0.0747,0.1473,0.0,1
29.92,-0.2449,-0.6908,0.5213,0.5689,0.0124,0.8225,0.0715,0.1467,0.0,1
29.94,-0.2353,-0.5334,0.4215,0.5674,0.0092,0.8236,0.0695,0.1475,0.0,1
29.96,-0.2244,-0.8019,0.2206,0.5631,0.0048,0.8241,0.0673,0.1476,0.0,1
29.98,-0.1584,-0.3738,0.0548,0.5664,0.0131,0.8224,0.068,0.1472,0.0,1
30.0,-0.0922,0.1494,0.3145,0.5687,0.0124,0.8211,0.0684,0.1463,0.0,1
30.02,-0.1962,0.151,0.134,0.568,0.0029,0.8228,0.0694,0.1468,0.0,1
30.04,-0.0874,-0.0957,-0.0116,0.569,0.0062,0.8238,0.0688,0.1471,0.0,1
30.06,0.0555,-0.054,0.0701,0.5677,0.0091,0.824,0.0714,0.1469,0.0,1
30.08,-0.1733,0.1224,-0.0118,0.5684,0.0071,0.823,0.07,0.147,0.0,1
30.1,-0.1791,0.3239,0.0911,0.5694,0.0065,0.8217,0.0741,0.1462,0.0,1
30.12,-0.0825,0.5534,0.0893,0.5701,0.0079,0.8221,0.0758,0.1474,0.0,1
30.14,0.1276,0.9769,0.37,0.5672,0.0085,0.8228,0.0797,0.1477,0.0,1
30.16,-0.0499,0.5776,0.222,0.5667,0.0151,0.8244,0.0814,0.1479,0.0,1
30.18,-0.3636,0.3756,0.1589,0.5654,0.0169,0.8244,0.0851,0.148,0.0,1
30.2,-0.1595,0.0379,0.3916,0.5663,0.0145,0.829,0.0862,0.1468,0.0,1
30.22,-0.0108,0.24,-0.0241,0.5693,0.0057,0.8294,0.0864,0.1472,0.0,1
30.24,0.1349,0.4502,0.2858,0.5696,0.0121,0.8287,0.0891,0.147,0.0,1
30.26,0.5933,0.2519,0.6054,0.563,0.0112,0.8229,0.0905,0.1471,0.0341,1
30.28,0.4913,-0.0154,0.3298,0.5634,0.0062,0.8244,0.0896,0.1472,0.0283,1
30.3,0.3468,0.7276,0.1538,0.5657,0.0118,0.8214,0.0877,0.1474,0.0492,1
30.32,0.3112,0.7784,0.0878,0.5637,0.014,0.8212,0.0909,0.1469,0.0695,1
30.34,0.067,-0.0778,0.0729,0.5669,0.0107,0.8285,0.0871,0.1472,0.0506,1
30.36,-0.2606,0.6318,0.174,0.5636,0.0152,0.829,0.0909,0.1464,0.0463,1
30.38,-0.2643,0.9998,0.1249,0.5598,0.0118,0.8311,0.0929,0.1469,0.0612,1
30.4,0.0627,-0.4483,-0.5697,0.5707,0.007,0.821,0.088,0.1465,0.0751,1
30.42,-0.2132,-0.3901,-0.4486,0.5757,0.0129,0.8257,0.0874,0.1483,0.0515,1
30.44,-0.1901,-0.8873,-0.2755,0.5739,0.0094,0.8227,0.0915,0.1474,0.0553,1
30.46,0.2876,-0.3758,-0.4867,0.5629,0.0113,0.8221,0.0905,0.1458,0.0554,1
30.48,0.2845,0.3367,-0.09,0.5638,0.0178,0.8193,0.0925,0.1462,0.0853,1
30.5,-0.0734,0.4025,0.0951,0.5647,0.0184,0.8195,0.0894,0.1465,0.0846,1
30.52,-0.0882,-0.0285,0.1494,0.569,0.0145,0.823,0.0876,0.1463,0.0624,1
30.54,-0.182,0.0532,-0.1705,0.572,0.0147,0.8262,0.0869,0.1474,0.0561,1
30.56,0.0067,2.1694,0.5198,0.5666,0.0077,0.8234,0.0891,0.1475,0.1029,1
30.58,0.0723,1.4756,0.4657,0.5591,0.01,0.8235,0.0921,0.1463,0.0869,1
30.6,-0.1136,0.2297,0.2233,0.5547,0.0095,0.8264,0.0923,0.1471,0.0712,1
30.62,0.4169,-1.1321,-0.2951,0.5675,0.0129,0.8255,0.0911,0.1478,0.086,1
30.64,0.389,-0.8443,-0.5042,0.5667,0.015,0.8253,0.0911,0.1465,0.0683,1
30.66,-0.0542,0.1075,-0.3994,0.5652,0.0163,0.822,0.0926,0.1476,0.0614,1
30.68,0.0373,0.5,-0.1562,0.5676,0.0112,0.8205,0.09,0.1484,0.0673,1
30.7,0.2041,0.6613,0.3099,0.5708,0.0121,0.8259,0.0917,0.1479,0.0684,1
30.72,0.2896,1.7948,0.3933,0.5697,0.0072,0.8247,0.0902,0.1467,0.0862,1
30.74,0.2079,2.4057,0.5049,0.5644,0.0084,0.8262,0.091,0.1466,0.0738,1
30.76,0.1532,1.487,0.3134,0.5541,0.0139,0.8258,0.0915,0.1464,0.0624,1
30.78,0.4563,-1.1148,-0.0866,0.5557,0.0139,0.8272,0.0925,0.1461,0.053,1
30.8,0.346,-1.9952,-0.315,0.5634,0.0136,0.826,0.0909,0.1469,0.0701,1
30.82,0.2243,-1.6458,-0.3352,0.5615,0.0163,0.8244,0.0894,0.1473,0.0704,1
30.84,0.2721,-0.4955,-0.3903,0.5617,0.0182,0.8243,0.0904,0.1477,0.0569,1
30.86,0.0514,-0.0209,-0.4135,0.5682,0.0221,0.8266,0.0912,0.1475,0.0532,1
30.88,-0.0737,0.2661,-0.4463,0.5668,0.0194,0.8241,0.091,0.1463,0.05,1
30.9,-0.1846,0.3747,-0.0022,0.5633,0.0162,0.8254,0.0905,0.1456,0.0592,1
30.92,-0.1965,0.197,0.1039,0.562,0.0145,0.8254,0.0911,0.1467,0.0648,1
30.94,-0.0847,-0.3866,-0.1494,0.5596,0.0112,0.8248,0.092,0.1467,0.055,1
30.96,0.0523,-0.7466,-0.0553,0.5607,0.0147,0.8269,0.0916,0.1467,0.0488,1
30.98,0.2476,-0.7496,0.1388,0.5628,0.0168,0.8243,0.0919,0.1474,0.0525,1
31.0,0.3094,-0.3937,0.2067,0.5652,0.0145,0.8238,0.0924,0.1479,0.0688,1
31.02,0.1967,0.0701,0.1865,0.567,0.0203,0.826,0.0935,0.1477,0.0723,1
31.04,0.1103,-0.4715,0.1475,0.5668,0.0169,0.8262,0.0941,0.1474,0.0694,1
31.06,0.1869,-0.4577,0.0386,0.5659,0.0189,0.8267,0.0952,0.1463,0.0786,1
31.08,0.017,-0.1664,0.2855,0.5643,0.0201,0.8229,0.0945,0.1463,0.0541,1
31.1,-0.1162,-0.0147,0.5244,0.5648,0.0202,0.8222,0.0939,0.1477,0.0477,1
31.12,-0.1881,0.0074,0.386,0.5674,0.0254,0.8249,0.0942,0.1472,0.0612,1
31.14,-0.1553,0.1601,0.2576,0.5688,0.0193,0.8237,0.0941,0.1471,0.0583,1
31.16,0.0174,0.3136,0.1743,0.5713,0.0131,0.8232,0.0941,0.1477,0.0881,1
31.18,-0.0377,0.2373,0.0848,0.5717,0.0182,0.8236,0.0945,0.1474,0.0672,1
31.2,-0.1917,0.3676,0.2708,0.5674,0.0239,0.8226,0.0934,0.1465,0.0836,1
31.22,-0.2191,0.0373,0.1787,0.5697,0.0219,0.8217,0.0936,0.1468,0.0727,1
31.24,-0.119,-0.812,0.4213,0.5693,0.013,0.8218,0.0938,0.1466,0.0817,1
31.26,0.0785,-0.5312,0.5701,0.5641,0.0219,0.8207,0.0916,0.1462,0.0372,1
31.28,-0.1404,-0.4665,0.527,0.5666,0.0195,0.8243,0.0942,0.1473,0.0713,1
31.3,-0.0411,0.0731,0.9057,0.5695,0.0222,0.8213,0.0917,0.1459,0.0548,1
31.32,-0.1011,-0.196,0.644,0.5695,0.0199,0.82,0.0912,0.1453,0.0598,1
31.34,-0.1183,-0.8705,0.3987,0.5644,0.0211,0.8253,0.0898,0.1467,0.0641,1
31.36,-0.0736,-1.1003,0.4832,0.5661,0.019,0.8219,0.0911,0.1469,0.0493,1
31.38,-0.3322,-0.5364,0.5533,0.571,0.0095,0.8215,0.0907,0.1476,0.0378,1
31.4,-0.367,-0.0494,0.7393,0.5697,0.0183,0.8226,0.0881,0.1449,0.0387,1
31.42,-0.7751,-0.0095,0.5999,0.5639,0.0135,0.8236,0.0898,0.1467,0.0307,1
31.44,-0.6063,0.136,0.4448,0.5622,0.0154,0.8218,0.0893,0.1463,0.0,1
31.46,-0.42,-0.6566,0.5797,0.5654,0.0116,0.8217,0.0883,0.1475,0.0,1
31.48,-0.3047,-0.3777,0.6158,0.564,0.0093,0.8224,0.0898,0.1453,0.0,1
31.5,-0.4695,-0.2117,0.2675,0.5631,0.0182,0.8232,0.0885,0.1476,0.0093,1
31.52,-0.2769,-0.4743,0.3641,0.5669,0.0207,0.8251,0.0902,0.1466,0.0,1
31.54,-0.3058,-0.371,0.4218,0.5704,0.0221,0.8255,0.0903,0.146,0.0,1
31.56,-0.1832,-1.2648,0.5994,0.5696,0.0114,0.8224,0.0879,0.1466,0.0,1
31.58,-0.2121,-1.4899,0.7109,0.5724,0.0095,0.8247,0.0873,0.1469,0.0,1
31.6,-0.225,-0.2881,0.3955,0.5721,0.0124,0.8209,0.0886,0.1482,0.0,1
31.62,-0.1322,0.7648,0.1409,0.5649,0.0128,0.8177,0.0895,0.1481,0.0,1
31.64,-0.0316,0.1444,0.1042,0.5658,0.0184,0.8234,0.089,0.1476,0.0,1
31.66,-0.0309,-0.4162,0.1123,0.5685,0.0214,0.8263,0.0885,0.1479,0.0,1
31.68,-0.1618,-0.3938,0.0805,0.5693,0.0191,0.8218,0.0887,0.1475,0.0,1
31.7,-0.1852,0.0052,-0.0609,0.5707,0.0192,0.8162,0.0889,0.1476,0.0,1
31.72,-0.3916,0.1126,-0.2252,0.5729,0.0172,0.817,0.0876,0.1484,0.0,1
31.74,-0.3637,0.0737,-0.2488,0.5719,0.0191,0.8216,0.0874,0.1485,0.0,1
31.76,-0.1889,-0.1423,-0.3064,0.5737,0.0131,0.8221,0.0882,0.1468,0.0,1
31.78,-0.1135,0.3983,-0.272,0.5717,0.0167,0.8196,0.0878,0.1474,0.0,1
31.8,-0.0513,0.5736,-0.1853,0.5696,0.023,0.8212,0.0867,0.1472,0.0,1
31.82,0.293,0.1027,-0.0829,0.5699,0.0172,0.823,0.0865,0.1466,0.0,1
31.84,0.2234,0.104,0.1069,0.5713,0.0162,0.8229,0.0881,0.1463,0.0,1
31.86,0.096,0.5728,0.2492,0.5719,0.0159,0.8221,0.0892,0.1468,0.0,1
31.88,0.22,0.2744,0.2551,0.5724,0.0209,0.8228,0.0891,0.1471,0.0,1
31.9,0.1279,-0.1907,0.1024,0.5709,0.0193,0.8251,0.0908,0.148,0.0,1
31.92,-0.0053,0.1865,0.1442,0.5707,0.0227,0.8266,0.0902,0.1478,0.0,1
31.94,-0.0893,0.7878,0.2162,0.5697,0.0223,0.823,0.0895,0.1463,0.0,1
31.96,-0.0727,0.6884,0.2707,0.5703,0.0242,0.8218,0.0897,0.1448,0.0,1
31.98,-0.2222,0.7588,0.3966,0.5706,0.0186,0.8227,0.0884,0.1465,0.0205,1
32.0,-0.211,0.0426,0.2054,0.5673,0.021,0.825,0.0904,0.1452,0.0702,1
32.02,-0.1833,-0.9809,0.0135,0.57,0.0182,0.8234,0.088,0.1468,0.0484,1
32.04,-0.3754,0.309,0.0223,0.57,0.0223,0.8237,0.0894,0.1476,0.001,1
32.06,-0.2994,0.5372,0.0628,0.5686,0.0262,0.8208,0.0918,0.148,0.0455,1
32.08,-0.3523,0.6203,0.3976,0.5724,0.0247,0.8212,0.0899,0.1449,0.0387,1
32.1,-0.2443,0.6573,-0.0164,0.5684,0.0172,0.8231,0.0896,0.1461,0.0446,1
32.12,-0.3552,0.5204,0.1332,0.5647,0.0146,0.8229,0.09,0.1474,0.0664,1
32.14,-0.2173,0.216,-0.2688,0.5658,0.0173,0.8244,0.0903,0.1456,0.0701,1
32.16,-0.2948,0.0528,-0.1202,0.565,0.0213,0.8214,0.0895,0.1459,0.0641,1
32.18,-0.2632,0.2686,-0.0746,0.5678,0.0226,0.8247,0.0898,0.1462,0.0964,1
32.2,0.0533,0.6767,0.0926,0.569,0.0175,0.8261,0.0892,0.1472,0.0852,1
32.22,0.0266,0.3585,0.2731,0.5719,0.0179,0.8242,0.0898,0.1454,0.0547,1
32.24,-0.3479,0.4105,0.4113,0.5686,0.0214,0.8238,0.0924,0.1448,0.0702,1
32.26,-0.2218,0.5778,0.1201,0.5651,0.0243,0.8198,0.0933,0.1471,0.0425,1
32.28,-0.0321,0.0253,-0.0222,0.5677,0.0155,0.8253,0.0952,0.1455,0.0567,1
32.3,-0.0552,0.1574,0.194,0.5673,0.0147,0.8266,0.0943,0.1465,0.0684,1
32.32,-0.1924,0.4106,0.4896,0.5663,0.0168,0.8257,0.0938,0.1459,0.0583,1
32.34,-0.206,0.327,0.2682,0.5649,0.0231,0.8232,0.0933,0.1461,0.062,1
32.36,-0.1684,0.5836,0.0246,0.5659,0.0255,0.8242,0.093,0.1475,0.0802,1
32.38,-0.1293,0.4083,0.3072,0.5678,0.0227,0.8248,0.0935,0.1454,0.0869,1
32.4,0.0355,0.2214,0.4067,0.5696,0.0171,0.8252,0.0937,0.1454,0.0794,1
32.42,-0.2174,0.4483,0.376,0.5672,0.0216,0.8253,0.0959,0.1467,0.0634,1
32.44,-0.4332,0.4654,0.2351,0.5633,0.0262,0.8244,0.0935,0.1471,0.0525,1
32.46,-0.3054,0.3911,0.1376,0.5654,0.0233,0.8246,0.0931,0.1462,0.0543,1
32.48,-0.1046,0.6995,0.179,0.5673,0.0187,0.8248,0.0954,0.1461,0.0803,1
32.5,-0.3076,0.5798,0.179,0.5676,0.0182,0.8242,0.0935,0.1477,0.0625,1
32.52,-0.3109,-0.3447,0.1834,0.5694,0.0139,0.8209,0.0943,0.1477,0.0504,1
32.54,-0.1061,-0.3356,0.2649,0.5675,0.0206,0.821,0.0938,0.1467,0.0552,1
32.56,-0.0034,-0.0715,0.2551,0.5673,0.0232,0.8223,0.0942,0.145,0.0625,1
32.58,0.0108,-0.3663,0.2236,0.5671,0.0159,0.8249,0.0951,0.146,0.0712,1
32.6,0.0301,0.276,0.3135,0.5703,0.0212,0.8203,0.0958,0.1473,0.066,1
32.62,-0.2628,0.682,0.4376,0.569,0.0204,0.819,0.0953,0.1458,0.0977,1
32.64,-0.3276,0.6027,0.4208,0.5679,0.0075,0.8266,0.0957,0.1465,0.0594,1
32.66,-0.3317,1.0216,0.353,0.5643,0.0164,0.8246,0.0942,0.148,0.039,1
32.68,-0.0836,0.2611,0.1851,0.5635,0.0202,0.83,0.0927,0.1487,0.0698,1
32.7,-0.1675,-0.117,0.379,0.5615,0.0143,0.8246,0.0945,0.1451,0.0769,1
32.72,-0.0962,-0.4725,-0.0367,0.5634,0.0228,0.8237,0.0949,0.1444,0.0664,1
32.74,-0.1754,0.3348,-0.2419,0.564,0.023,0.8259,0.0941,0.1446,0.0442,1
32.76,0.092,0.2153,0.026,0.5636,0.0163,0.8213,0.0966,0.1448,0.0577,1
32.78,0.0867,0.2411,0.2755,0.5683,0.0138,0.8199,0.0968,0.144,0.0761,1
32.8,0.0507,0.0106,0.2294,0.5647,0.0193,0.8201,0.096,0.1447,0.0801,1
32.82,-0.2208,-0.2859,0.4254,0.5658,0.0168,0.8252,0.0968,0.1465,0.0672,1
32.84,-0.2418,0.2606,0.2686,0.5631,0.0152,0.8267,0.0952,0.1452,0.0612,1
32.86,-0.1152,0.2313,0.2863,0.565,0.0146,0.826,0.0947,0.144,0.0808,1
32.88,-0.04,0.0642,0.2215,0.5672,0.0145,0.826,0.0949,0.1447,0.0666,1
32.9,-0.223,0.0345,0.1888,0.5642,0.0217,0.8241,0.0942,0.145,0.0676,1
32.92,-0.2564,-0.0425,0.1681,0.5639,0.0186,0.8219,0.0947,0.1449,0.088,1
32.94,-0.1577,0.1537,0.1297,0.5683,0.0151,0.8194,0.0948,0.145,0.079,1
32.96,-0.0592,0.2076,0.3407,0.5696,0.0214,0.8191,0.0936,0.1451,0.0828,1
32.98,0.1763,0.1458,0.5248,0.5678,0.0239,0.8248,0.0924,0.1442,0.0888,1
33.0,-0.0829,0.4309,0.4032,0.5682,0.0171,0.8275,0.0925,0.1449,0.0674,1
33.02,-0.3354,0.2619,0.0634,0.5662,0.0135,0.8256,0.0942,0.1458,0.0604,1
33.04,-0.2605,0.2099,-0.1154,0.566,0.0236,0.8254,0.0965,0.1444,0.0762,1
33.06,-0.1936,-0.4133,0.0266,0.5673,0.0213,0.8241,0.0927,0.1459,0.065,1
33.08,0.0231,-0.5572,0.2069,0.5686,0.0177,0.8219,0.0935,0.1456,0.0669,1
33.1,0.0291,0.3706,0.5951,0.5689,0.0125,0.8239,0.0953,0.1445,0.0856,1
33.12,-0.0392,0.1055,0.4597,0.5664,0.0152,0.8241,0.0984,0.1452,0.0523,1
33.14,0.2283,-0.282,0.0799,0.5631,0.02,0.8273,0.0962,0.1453,0.0596,1
33.16,-0.0634,0.3487,0.3504,0.5597,0.0233,0.8257,0.0953,0.146,0.0551,1
33.18,-0.0647,0.1694,0.7884,0.5614,0.0225,0.8226,0.094,0.1452,0.0478,1
33.2,0.2387,0.1404,0.449,0.5634,0.0169,0.8215,0.0968,0.1462,0.066,1
33.22,0.1703,-0.4134,0.6703,0.5652,0.013,0.8257,0.0935,0.1448,0.0805,1
33.24,0.0253,0.0995,0.2751,0.5697,0.0191,0.8258,0.0941,0.1464,0.0733,1
33.26,-0.119,0.0159,0.5055,0.5656,0.0274,0.823,0.0945,0.1448,0.0461,1
33.28,-0.1651,-0.4142,0.3207,0.5669,0.026,0.8226,0.0935,0.1444,0.0772,1
33.3,-0.4412,0.0928,0.173,0.5686,0.0203,0.8232,0.096,0.1448,0.0463,1
33.32,-0.4311,-0.0305,0.1458,0.568,0.0243,0.8226,0.095,0.1446,0.082,1
33.34,-0.6289,0.1675,-0.1855,0.5657,0.0174,0.8237,0.0947,0.1446,0.063,1
33.36,-0.518,0.3019,-0.1287,0.5658,0.0184,0.8246,0.094,0.1447,0.0792,1
33.38,-0.3178,-0.3548,-0.0863,0.5676,0.0228,0.8229,0.0944,0.1448,0.0643,1
33.4,0.0589,-0.5606,0.2444,0.5678,0.0173,0.8258,0.096,0.1459,0.0588,1
33.42,-0.0171,-0.3223,0.2425,0.5657,0.0161,0.8264,0.0933,0.1459,0.0671,1
33.44,-0.3344,-0.2591,0.157,0.566,0.0146,0.8252,0.0908,0.1457,0.0786,1
33.46,-0.2795,0.2407,0.0495,0.5678,0.0198,0.8224,0.0902,0.1441,0.076,1
33.48,-0.2499,0.7943,-0.0146,0.5675,0.018,0.8216,0.0902,0.1447,0.0922,1
33.5,-0.0966,0.4627,0.3148,0.5638,0.018,0.8237,0.09,0.1456,0.0763,1
33.52,0.2282,0.0671,0.6459,0.5648,0.0176,0.8257,0.0896,0.1471,0.0104,1
33.54,0.1695,-0.1529,0.6928,0.5685,0.0158,0.8237,0.0891,0.1475,0.0,1
33.56,-0.0643,-0.2439,0.4631,0.5686,0.0177,0.8223,0.0892,0.148,0.0,1
33.58,-0.0856,-0.2402,0.3742,0.5695,0.0187,0.8238,0.0897,0.1448,0.0,1
33.6,-0.0599,-0.639,0.178,0.5674,0.0193,0.8239,0.0902,0.1462,0.0,1
33.62,-0.2546,-0.0549,0.3473,0.5695,0.0241,0.82,0.0894,0.1466,0.0,1
33.64,-0.4242,0.1669,0.3328,0.5706,0.0254,0.8203,0.0875,0.1472,0.0,1
33.66,-0.6251,0.3746,0.4506,0.5659,0.0222,0.8222,0.0888,0.1463,0.0,1
33.68,-0.4945,0.3759,0.3802,0.5625,0.019,0.82,0.0892,0.1449,0.0,1
33.7,-0.2248,-0.8738,0.5142,0.5676,0.0151,0.8241,0.0876,0.1462,0.0,1
33.72,-0.5437,-0.9549,0.2927,0.5723,0.0153,0.8232,0.0885,0.1478,0.0,1
33.74,-0.4736,-0.6042,0.4882,0.5654,0.0201,0.8207,0.0856,0.1487,0.0,1
33.76,-0.269,-0.7344,0.8418,0.5687,0.0147,0.8272,0.0867,0.1462,0.0,1
33.78,-0.1799,0.1385,0.531,0.564,0.0201,0.8254,0.0843,0.1445,0.0,1
33.8,-0.054,-0.257,0.426,0.5651,0.0178,0.8227,0.0869,0.1456,0.0,1
33.82,-0.0773,-0.4422,0.4488,0.5656,0.022,0.8215,0.0859,0.1455,0.0,1
33.84,-0.3644,-0.4464,0.6872,0.568,0.0209,0.8216,0.0871,0.144,0.0,1
33.86,-0.1699,-0.2196,0.4058,0.5679,0.0128,0.8227,0.0843,0.1461,0.0,1
33.88,-0.3798,0.3757,0.501,0.5652,0.0198,0.8214,0.0859,0.145,0.0,1
33.9,-0.4541,0.1004,0.1474,0.5669,0.0153,0.8188,0.0879,0.1449,0.0042,1
33.92,-0.1915,-0.658,-0.0397,0.5712,0.0145,0.8203,0.088,0.1463,0.0,1
33.94,0.0698,-0.6402,0.2251,0.5736,0.0153,0.8215,0.0874,0.1479,0.0,1
33.96,0.2354,-0.2498,0.495,0.5709,0.0167,0.8186,0.0868,0.1472,0.0241,1
33.98,0.3784,-0.2143,0.6045,0.5707,0.0126,0.8196,0.0889,0.1463,0.0067,1
34.0,0.2166,0.1199,0.4731,0.5632,0.0146,0.8179,0.0888,0.1456,0.0,1
34.02,0.1292,-0.0333,0.2642,0.5613,0.0149,0.8184,0.0894,0.1447,0.0,1
34.04,0.1259,-0.2046,0.3381,0.5653,0.0144,0.8224,0.0894,0.1455,0.0315,1
34.06,0.0094,0.4251,0.4725,0.5706,0.0173,0.8243,0.089,0.1462,0.0585,1
34.08,-0.1403,0.1609,0.5798,0.572,0.0126,0.8211,0.0888,0.146,0.0607,1
34.1,-0.06,0.0397,0.4629,0.5728,0.0163,0.8247,0.0889,0.1464,0.0597,1
34.12,-0.2508,0.0242,0.0724,0.5709,0.0173,0.8229,0.0901,0.1452,0.0618,1
34.14,-0.3392,0.4118,-0.055,0.5657,0.0214,0.8192,0.0882,0.1463,0.0628,1
34.16,-0.2101,1.0361,-0.0396,0.5687,0.0182,0.8201,0.0912,0.1442,0.0767,1
34.18,0.0457,0.9789,0.1042,0.5685,0.0086,0.8198,0.0918,0.1437,0.0567,1
34.2,-0.3073,0.176,-0.0232,0.5626,0.0106,0.8226,0.0925,0.1472,0.0864,1
34.22,-0.0719,0.3381,-0.1263,0.5678,0.0198,0.8221,0.0935,0.145,0.0546,1
34.24,0.1489,0.3572,0.3811,0.5746,0.0192,0.8218,0.0944,0.1452,0.071,1
34.26,-0.0437,0.0457,0.4952,0.5685,0.0132,0.8233,0.0925,0.1496,0.0867,1
34.28,0.024,0.6118,0.3199,0.5619,0.0161,0.8204,0.0941,0.1459,0.0842,1
34.3,-0.1784,0.0996,0.2864,0.5652,0.0197,0.8246,0.0947,0.1456,0.0474,1
34.32,-0.3047,-0.1684,0.2304,0.5693,0.0199,0.8229,0.0952,0.1457,0.0677,1
34.34,-0.3171,0.2775,0.4255,0.5696,0.0184,0.8228,0.0955,0.1455,0.0698,1
34.36,-0.0134,0.63,0.3778,0.5682,0.0228,0.8241,0.095,0.1443,0.0643,1
34.38,-0.2852,0.5305,0.4042,0.5641,0.0183,0.8256,0.0954,0.1471,0.0593,1
34.4,-0.5325,0.2554,0.4174,0.5633,0.0188,0.8212,0.0942,0.1462,0.0619,1
34.42,-0.3749,0.2411,0.3842,0.5662,0.0145,0.8218,0.0938,0.1455,0.0489,1
34.44,-0.4309,0.2266,0.3379,0.5687,0.013,0.8226,0.0946,0.1446,0.057,1
34.46,-0.4487,-0.0277,0.3282,0.5671,0.0187,0.8192,0.094,0.144,0.0657,1
34.48,-0.3867,-0.3681,0.2617,0.5669,0.0179,0.8211,0.0959,0.1451,0.0638,1
34.5,-0.3792,-0.1909,0.2121,0.5689,0.0187,0.8209,0.0966,0.1453,0.0711,1
34.52,-0.2284,0.1612,-0.0187,0.5677,0.0197,0.8197,0.0958,0.1455,0.056,1
34.54,0.0331,0.3445,0.2841,0.567,0.0153,0.8234,0.0952,0.1461,0.0619,1
34.56,-0.2907,0.7199,0.4395,0.5661,0.0229,0.8231,0.0943,0.1451,0.076,1
34.58,-0.1282,-0.0243,0.4559,0.5642,0.0206,0.8238,0.0925,0.1444,0.073,1
34.6,-0.119,-0.1526,0.2947,0.5645,0.0167,0.8267,0.0941,0.1462,0.1125,1
34.62,-0.4909,-0.0337,0.3173,0.5689,0.0147,0.823,0.0922,0.1451,0.0768,1
34.64,-0.3068,0.9021,-0.0623,0.5653,0.0148,0.8213,0.097,0.145,0.0799,1
34.66,0.0398,0.5763,-0.0108,0.5649,0.0255,0.8247,0.0941,0.1449,0.0744,1
34.68,-0.1314,1.166,-0.2214,0.5627,0.017,0.8234,0.0974,0.1449,0.0841,1
34.7,-0.1488,-0.0794,-0.0654,0.5678,0.0223,0.8273,0.0942,0.1457,0.0523,1
34.72,0.0428,0.4989,0.2767,0.5686,0.0134,0.8253,0.0961,0.1465,0.0545,1
34.74,-0.2409,0.3469,0.5177,0.5709,0.0114,0.8256,0.0966,0.1454,0.0528,1
34.76,-0.3026,0.1348,0.6513,0.5685,0.0209,0.8256,0.0975,0.1455,0.0615,1
34.78,-0.1525,0.932,0.166,0.5626,0.0215,0.8233,0.098,0.1451,0.0768,1
34.8,-0.235,0.5783,0.0685,0.5593,0.0189,0.8231,0.0964,0.1443,0.0709,1
34.82,-0.1597,0.1827,0.2485,0.5601,0.0148,0.824,0.0968,0.1449,0.0467,1
34.84,0.157,-0.2125,0.4438,0.5614,0.0144,0.8252,0.0971,0.1467,0.077,1
34.86,0.1849,-0.0658,0.6465,0.5626,0.0184,0.8234,0.0964,0.1458,0.0889,1
34.88,0.054,0.1246,0.609,0.5665,0.0216,0.8239,0.0962,0.1448,0.0739,1
34.9,-0.0275,0.2403,0.4027,0.5665,0.0176,0.8254,0.0974,0.146,0.0674,1
34.92,-0.1871,0.1005,0.366,0.5664,0.0124,0.8255,0.0962,0.1448,0.0784,1
34.94,-0.423,0.2865,0.5142,0.5658,0.0132,0.8254,0.094,0.1444,0.0826,1
34.96,-0.5119,0.7392,0.4392,0.5635,0.0153,0.8254,0.096,0.1448,0.0818,1
34.98,-0.3752,0.413,0.1376,0.5618,0.0176,0.8251,0.0969,0.1444,0.077,1
35.0,-0.3946,-0.2745,-0.0816,0.5632,0.0187,0.8226,0.0968,0.1458,0.0714,1
35.02,-0.0355,-0.8978,0.286,0.5679,0.0138,0.8265,0.0955,0.146,0.0667,1
35.04,-0.0114,-0.2782,0.507,0.5669,0.0159,0.825,0.0943,0.1439,0.0818,1
35.06,0.2212,-0.4616,0.4571,0.5656,0.0171,0.8219,0.0937,0.1448,0.0899,1
35.08,0.1608,0.2035,0.374,0.5674,0.0123,0.824,0.0951,0.1448,0.0719,1
35.1,-0.3362,0.885,0.2213,0.5635,0.0172,0.8221,0.096,0.1446,0.0876,1
35.12,-0.2323,-0.3511,0.199,0.5621,0.0115,0.8262,0.0967,0.1438,0.0476,1
35.14,-0.201,-0.2683,0.3058,0.5636,0.014,0.8296,0.0963,0.1463,0.0659,1
35.16,-0.2485,0.5481,0.4034,0.5648,0.0179,0.8266,0.0972,0.1452,0.0855,1
35.18,-0.0458,-0.0606,0.4234,0.5642,0.0147,0.8256,0.0963,0.1448,0.0663,1
35.2,0.048,-0.5075,0.3873,0.568,0.0126,0.8244,0.0963,0.1456,0.0444,1
35.22,-0.0095,0.237,0.0568,0.5634,0.0207,0.8242,0.0968,0.1442,0.0669,1
35.24,-0.1561,0.4808,0.0862,0.5651,0.0238,0.8228,0.0939,0.1449,0.0535,1
35.26,-0.2558,-0.0556,0.0265,0.5679,0.0183,0.8255,0.0944,0.1459,0.061,1
35.28,-0.2801,-0.3304,0.2246,0.5683,0.0169,0.8265,0.095,0.1455,0.055,1
35.3,-0.2996,-0.6204,0.1431,0.5683,0.0203,0.8245,0.0948,0.1449,0.0673,1
35.32,-0.4379,-0.2655,0.1055,0.569,0.0179,0.8231,0.0969,0.1447,0.0683,1
35.34,-0.6003,0.6206,0.2553,0.5658,0.02,0.8217,0.0939,0.1459,0.0626,1
35.36,-0.3705,0.1366,0.4111,0.5615,0.0186,0.8221,0.0917,0.1461,0.0646,1
35.38,-0.19,-0.4991,0.1775,0.565,0.013,0.8245,0.0923,0.1449,0.0759,1
35.4,-0.2129,-0.5462,0.1996,0.5659,0.0195,0.8244,0.0933,0.1453,0.0663,1
35.42,-0.1715,-0.2201,0.2772,0.5662,0.0192,0.823,0.0921,0.1449,0.059,1
35.44,-0.0975,0.0275,0.2122,0.5681,0.019,0.8243,0.0908,0.1461,0.0763,1
35.46,-0.1772,-0.2043,0.3297,0.5682,0.0187,0.824,0.0898,0.1442,0.0474,1
35.48,0.0026,-0.3303,0.633,0.5682,0.0146,0.8223,0.0927,0.1449,0.0506,1
35.5,-0.0662,-0.0493,0.7022,0.5686,0.0129,0.8263,0.0925,0.1445,0.0869,1
35.52,-0.7368,0.1197,0.7929,0.5691,0.0183,0.8253,0.0904,0.1476,0.0594,1
35.54,-0.6024,-0.3427,0.3544,0.5599,0.0146,0.8238,0.0902,0.1451,0.0948,1
35.56,0.0394,-0.8061,0.3176,0.568,0.0104,0.8224,0.0898,0.1462,0.0789,1
35.58,-0.0648,-0.6814,0.3645,0.5656,0.0162,0.8226,0.0898,0.147,0.0651,1
35.6,-0.1125,-0.2987,0.4806,0.5677,0.0132,0.825,0.0877,0.145,0.0637,1
35.62,0.0772,0.0638,0.5951,0.5712,0.0214,0.8255,0.0895,0.1463,0.0587,1
35.64,-0.5025,0.0062,0.3675,0.5713,0.0233,0.825,0.0901,0.1457,0.0747,1
35.66,-0.5227,0.4226,0.1387,0.568,0.0191,0.8223,0.0883,0.1449,0.062,1
35.68,-0.2616,0.4553,0.2544,0.565,0.0166,0.8215,0.0901,0.1449,0.0768,1
35.7,-0.3385,-0.2009,0.1971,0.5674,0.0167,0.8216,0.0895,0.1452,0.062,1
35.72,-0.3401,-0.1443,0.1033,0.5677,0.0136,0.82,0.0887,0.1454,0.0408,1
35.74,-0.0921,0.0153,0.1298,0.5695,0.0149,0.8203,0.089,0.1447,0.0055,1
35.76,-0.0487,-0.1161,0.2821,0.5678,0.0163,0.8221,0.0887,0.145,0.0,1
35.78,-0.2424,-0.3893,0.3285,0.5671,0.0154,0.8231,0.0903,0.1463,0.0,1
35.8,-0.2447,-0.102,0.2843,0.5676,0.019,0.8224,0.0889,0.1456,0.0,1
35.82,-0.1923,-0.0481,0.2895,0.5668,0.0215,0.8222,0.087,0.1447,0.0,1
35.84,0.0012,-0.6427,0.4028,0.5653,0.0135,0.8197,0.0886,0.1461,0.0,1
35.86,-0.1564,-0.2251,0.2778,0.5671,0.0164,0.8242,0.0884,0.1442,0.0,1
35.88,0.0322,0.2532,0.4908,0.5686,0.0209,0.8211,0.0887,0.144,0.0,1
35.9,0.0892,-0.0201,0.5121,0.5671,0.009,0.8235,0.0892,0.1451,0.0,1
35.92,-0.0242,0.0935,0.2539,0.5691,0.0172,0.8219,0.0915,0.1459,0.0024,1
35.94,0.0483,-0.254,0.3971,0.5678,0.0158,0.8204,0.091,0.1447,0.0,1
35.96,0.2297,0.2309,0.4658,0.5691,0.0212,0.8258,0.088,0.144,0.0,1
35.98,0.2841,0.504,0.2902,0.5665,0.0238,0.8238,0.0915,0.1443,0.069,1
36.0,-0.0579,0.3286,0.4819,0.5636,0.0163,0.8235,0.0887,0.1455,0.0309,1
36.02,-0.2562,-0.0814,0.142,0.5663,0.0117,0.821,0.0899,0.1456,0.0658,1
36.04,-0.3312,-0.3352,0.2591,0.5664,0.016,0.8237,0.088,0.1455,0.0515,1
36.06,-0.385,-0.0833,0.3263,0.568,0.0206,0.825,0.0897,0.1474,0.0657,1
36.08,-0.1743,0.0046,0.5359,0.567,0.0134,0.8229,0.0899,0.145,0.0551,1
36.1,0.0018,0.0579,0.4946,0.5675,0.0117,0.8231,0.092,0.1446,0.0651,1
36.12,-0.1671,0.0632,0.0884,0.5682,0.0143,0.8229,0.092,0.1434,0.0621,1
36.14,-0.1773,0.3858,-0.1809,0.5688,0.0207,0.8221,0.0907,0.1435,0.0541,1
36.16,0.0119,0.6209,0.07,0.5726,0.0174,0.8219,0.0933,0.1438,0.0552,1
36.18,0.0412,1.1754,0.2351,0.5716,0.0143,0.8249,0.0947,0.1464,0.0646,1
36.2,-0.3559,1.3514,0.2129,0.5674,0.0195,0.8237,0.0937,0.1481,0.05,1
36.22,-0.4271,0.8963,-0.0692,0.5666,0.0131,0.8215,0.0952,0.1473,0.0381,1
36.24,-0.4563,0.7942,-0.1293,0.5649,0.0155,0.8213,0.0947,0.1455,0.0518,1
36.26,-0.3191,0.3311,0.044,0.5592,0.0183,0.8236,0.0943,0.1451,0.0707,1
36.28,0.0238,-0.1659,0.1225,0.5593,0.0164,0.8246,0.0948,0.1457,0.0744,1
36.3,0.1448,-0.0325,0.491,0.5637,0.0161,0.8245,0.0939,0.1448,0.0955,1
36.32,0.0769,0.4825,0.2914,0.5632,0.0196,0.8242,0.0933,0.1449,0.0831,1
36.34,0.2193,1.0142,0.104,0.5623,0.0184,0.8258,0.0951,0.144,0.0883,1
36.36,-0.0753,-0.0133,0.0778,0.5656,0.0206,0.8247,0.0927,0.1449,0.0537,1
36.38,-0.1366,-0.2404,0.4014,0.571,0.0189,0.8245,0.0947,0.1459,0.0345,1
36.4,-0.3854,0.6506,0.0222,0.5676,0.0213,0.8237,0.0938,0.146,0.0655,1
36.42,-0.474,0.5082,0.294,0.5601,0.0241,0.826,0.0938,0.1455,0.0506,1
36.44,-0.1698,0.3199,0.2182,0.5645,0.0179,0.8259,0.0937,0.1459,0.0517,1
36.46,-0.4194,0.3068,0.1352,0.5666,0.0141,0.8245,0.0947,0.1452,0.0767,1
36.48,-0.2767,0.0788,0.2864,0.5646,0.0198,0.8224,0.0948,0.1453,0.0608,1
36.5,-0.0436,-0.5079,0.275,0.5651,0.0239,0.8242,0.0944,0.146,0.0528,1
36.52,-0.0307,-0.648,0.4195,0.5617,0.0207,0.8256,0.0936,0.1448,0.0445,1
36.54,-0.2815,-1.3007,0.2282,0.5598,0.0165,0.8234,0.0935,0.1446,0.05,1
36.56,-0.3471,-1.7518,0.0262,0.57,0.0199,0.8232,0.0942,0.1448,0.0626,1
36.58,-0.339,-0.7133,0.1499,0.5737,0.0171,0.8247,0.0943,0.1452,0.0586,1
36.6,-0.6229,1.3216,0.2394,0.5686,0.0222,0.8239,0.0941,0.1464,0.057,1
36.62,-0.5309,2.209,0.4669,0.5677,0.0172,0.823,0.0947,0.1475,0.0546,1
36.64,-0.4786,1.2088,0.5957,0.5665,0.0152,0.8263,0.0941,0.1455,0.0685,1
36.66,-0.6002,0.7695,0.5235,0.5646,0.0225,0.8258,0.0959,0.1452,0.1085,1
36.68,-0.3242,0.2765,0.4132,0.568,0.0105,0.8241,0.0948,0.145,0.0983,1
36.7,-0.5344,-0.3072,0.1502,0.5689,0.0084,0.8277,0.0943,0.1443,0.1211,1
36.72,-0.7583,0.5796,0.5596,0.564,0.0175,0.8218,0.0972,0.1464,0.0723,1
36.74,-0.4078,0.9788,0.4696,0.564,0.0135,0.8232,0.0933,0.1441,0.1006,1
36.76,-0.2246,0.6398,0.2771,0.5677,0.0184,0.8222,0.0951,0.144,0.066,1
36.78,-0.1732,0.6644,0.3588,0.563,0.0189,0.824,0.0947,0.1444,0.0677,1
36.8,-0.0385,0.442,0.1777,0.5615,0.0238,0.8216,0.0955,0.1453,0.0463,1
36.82,0.0906,0.0801,0.2161,0.5648,0.0218,0.8286,0.0966,0.1456,0.0579,1
36.84,0.0532,0.4572,0.4889,0.5659,0.0157,0.8293,0.0976,0.1441,0.0569,1
36.86,-0.1776,0.6873,0.8021,0.5644,0.0132,0.8265,0.0963,0.1443,0.0721,1
36.88,-0.2367,0.1454,0.6137,0.5649,0.0144,0.8241,0.096,0.1445,0.0737,1
36.9,-0.2498,0.1159,0.4536,0.5633,0.0125,0.8235,0.0949,0.1451,0.0699,1
36.92,-0.1058,0.0749,0.206,0.5629,0.0145,0.8241,0.0959,0.1453,0.0652,1
36.94,-0.0316,0.0733,0.1794,0.5613,0.012,0.8228,0.0971,0.1451,0.056,1
36.96,0.0841,-0.127,0.3385,0.5603,0.011,0.824,0.0954,0.1446,0.0611,1
36.98,0.2519,-1.119,0.2928,0.5627,0.0109,0.827,0.0961,0.145,0.0554,1
37.0,-0.1794,-1.3932,0.1006,0.5683,0.0178,0.8275,0.0967,0.1457,0.0609,1
37.02,-0.143,-0.574,-0.0306,0.5705,0.0178,0.8258,0.0967,0.1462,0.0555,1
37.04,-0.0495,-0.2054,-0.0428,0.565,0.0167,0.8215,0.0976,0.1446,0.0609,1
37.06,-0.0982,0.4745,0.2526,0.5646,0.0144,0.8259,0.0983,0.1455,0.0645,1
37.08,-0.3993,0.37,0.0651,0.5633,0.0207,0.8215,0.097,0.1452,0.0617,1
37.1,-0.1911,-0.0489,0.0151,0.5662,0.0205,0.8229,0.0934,0.1462,0.0547,1
37.12,0.2053,-0.4457,-0.0634,0.5634,0.0173,0.8234,0.0943,0.1467,0.087,1
37.14,0.1609,-0.8849,0.0832,0.5686,0.0142,0.8242,0.0939,0.1453,0.0557,1
37.16,0.0843,-0.4871,0.1034,0.5676,0.0224,0.8269,0.0945,0.1446,0.0604,1
37.18,0.055,0.1003,0.3756,0.568,0.0187,0.8242,0.0948,0.147,0.0713,1
37.2,-0.2462,-0.1525,0.2407,0.5655,0.0154,0.8242,0.0943,0.1456,0.0869,1
37.22,-0.4003,0.248,0.1115,0.5632,0.0129,0.8251,0.0944,0.1444,0.0736,1
37.24,0.0161,0.4839,0.2359,0.5632,0.0124,0.8236,0.0941,0.1449,0.0917,1
37.26,-0.0576,0.1423,0.3489,0.5636,0.0125,0.8233,0.0938,0.1452,0.0683,1
37.28,-0.2916,-0.3596,0.3329,0.563,0.0184,0.8252,0.0932,0.1444,0.0593,1
37.3,-0.2301,-0.6125,0.4978,0.5646,0.0208,0.824,0.0915,0.1437,0.0733,1
37.32,-0.1934,-0.2839,0.6101,0.568,0.0219,0.8246,0.0911,0.1451,0.0578,1
37.34,-0.2029,0.1647,0.4989,0.5709,0.0197,0.8233,0.0909,0.1447,0.0682,1
37.36,-0.0534,0.014,0.44,0.5667,0.0117,0.8206,0.0894,0.144,0.0776,1
37.38,0.1553,-0.2542,0.3931,0.5646,0.0157,0.8189,0.0878,0.1454,0.082,1
37.4,-0.0103,-0.2818,0.4498,0.5703,0.0088,0.8234,0.0915,0.1456,0.0735,1
37.42,-0.4008,0.1775,0.6042,0.5628,0.0195,0.8233,0.0882,0.1446,0.0826,1
37.44,-0.4196,-0.0291,0.3123,0.5652,0.0236,0.824,0.0887,0.1445,0.0427,1
37.46,0.0178,0.013,0.2581,0.5653,0.0083,0.8249,0.09,0.1455,0.0652,1
37.48,-0.4094,0.3544,0.4359,0.5666,0.0171,0.8196,0.0891,0.1442,0.0368,1
37.5,0.0972,-0.2367,0.6117,0.5673,0.017,0.8176,0.0913,0.1452,0.0672,1
37.52,0.2412,-0.7876,0.758,0.5694,0.0105,0.8235,0.0931,0.1446,0.0652,1
37.54,-0.5041,-0.1812,0.6511,0.5675,0.0201,0.8227,0.092,0.1454,0.06,1
37.56,-0.4819,0.3687,0.355,0.5637,0.0186,0.8211,0.0882,0.1451,0.0,1
37.58,-0.3589,0.4807,0.5393,0.5648,0.0151,0.8239,0.0878,0.1454,0.0,1
37.6,-0.3522,0.3441,0.6057,0.5646,0.0122,0.8254,0.0879,0.144,0.0,1
37.62,-0.2774,-0.5978,0.6753,0.5654,0.0134,0.8228,0.0891,0.1451,0.0,1
37.64,-0.0884,-0.4002,0.5027,0.567,0.0157,0.8226,0.0901,0.1477,0.0,1
37.66,-0.1382,-0.254,0.4535,0.5686,0.0164,0.8248,0.0897,0.1476,0.0,1
37.68,-0.1928,-0.1363,0.306,0.5691,0.0185,0.8231,0.0895,0.1475,0.0,1
37.7,-0.2429,-0.3559,0.3859,0.5707,0.0196,0.8238,0.0892,0.1468,0.0,1
37.72,-0.4851,-0.2476,0.2733,0.5693,0.0142,0.8237,0.0878,0.146,0.0,1
37.74,-0.6946,0.3815,-0.1182,0.5665,0.0156,0.82,0.089,0.1483,0.0,1
37.76,-0.3971,-0.0462,-0.0183,0.5701,0.0165,0.8209,0.088,0.1472,0.0,1
37.78,-0.4502,-0.6279,0.0474,0.5723,0.007,0.8226,0.0879,0.1454,0.0063,1
37.8,-0.6828,-0.2336,0.2463,0.5674,0.0086,0.8226,0.0899,0.146,0.0,1
37.82,0.0571,-0.3563,0.2515,0.5716,0.0086,0.824,0.0882,0.1452,0.0,1
37.84,-0.0576,0.706,0.3278,0.5725,0.0163,0.822,0.0878,0.1452,0.0495,1
37.86,0.1961,1.0065,0.4574,0.5664,0.0127,0.8228,0.0944,0.1452,0.0425,1
37.88,0.0421,0.4426,0.422,0.5708,0.018,0.8188,0.0887,0.1446,0.0671,1
37.9,0.0762,0.5201,0.0626,0.5665,0.0166,0.8252,0.0915,0.1438,0.0569,1
37.92,-0.2063,0.4885,0.0781,0.5663,0.0098,0.8243,0.0908,0.1457,0.0806,1
37.94,-0.2411,0.7981,0.1495,0.5685,0.0167,0.8221,0.0906,0.1445,0.0974,1
37.96,-0.1116,0.6037,0.085,0.5675,0.0153,0.8237,0.0919,0.1437,0.064,1
37.98,-0.1423,-0.1471,0.1259,0.5645,0.0092,0.8273,0.0928,0.1443,0.0589,1
38.0,-0.1895,-0.4284,0.0995,0.5663,0.0068,0.8252,0.0918,0.1448,0.0641,1
38.02,-0.4236,-0.0785,-0.0468,0.5658,0.009,0.8236,0.0921,0.1453,0.0864,1
38.04,-0.3961,0.1647,-0.3057,0.5627,0.0117,0.825,0.0915,0.1457,0.0698,1
38.06,-0.2753,0.216,-0.3378,0.5642,0.0133,0.8271,0.0942,0.1452,0.0641,1
38.08,-0.146,0.9579,0.0504,0.5654,0.0156,0.8275,0.094,0.1442,0.0824,1
38.1,0.169,0.6987,0.2833,0.5639,0.0159,0.8263,0.0938,0.1439,0.0951,1
38.12,0.2871,0.1786,0.5067,0.5605,0.0165,0.8278,0.0955,0.1448,0.055,1
38.14,0.1764,-0.0842,0.6703,0.5638,0.016,0.8305,0.0954,0.1438,0.0515,1
38.16,-0.1041,0.0548,0.0354,0.5616,0.0109,0.8246,0.0946,0.1453,0.0672,1
38.18,-0.1267,-0.0161,0.1436,0.5631,0.011,0.8258,0.0977,0.1456,0.0671,1
38.2,0.0651,-0.4611,0.2311,0.5643,0.0176,0.829,0.0957,0.1437,0.091,1
38.22,-0.3326,-0.1152,0.3173,0.5619,0.0158,0.8265,0.0965,0.1454,0.0748,1
38.24,-0.2664,0.4953,0.3862,0.566,0.0255,0.8265,0.0958,0.1463,0.0651,1
38.26,-0.1374,0.8783,0.2385,0.566,0.0126,0.8259,0.0969,0.146,0.0518,1
38.28,-0.3255,1.099,0.3201,0.5651,0.0206,0.8269,0.0975,0.1451,0.0761,1
38.3,-0.1704,0.4961,0.5908,0.566,0.0228,0.8277,0.0973,0.1452,0.0607,1
38.32,-0.2214,0.6717,0.4476,0.5661,0.0152,0.8255,0.0962,0.1447,0.0789,1
38.34,-0.4219,0.4272,0.3281,0.5627,0.0139,0.8239,0.096,0.1445,0.0368,1
38.36,-0.4466,-0.1306,0.1761,0.5638,0.0167,0.8228,0.0968,0.1456,0.0466,1
38.38,-0.253,-0.7388,0.1902,0.5663,0.0144,0.8272,0.0965,0.1455,0.0503,1
38.4,-0.0109,-0.6047,0.4643,0.5687,0.0132,0.8266,0.0965,0.1463,0.0527,1
38.42,0.0577,-0.3128,0.4507,0.5689,0.0124,0.823,0.0973,0.1468,0.0706,1
38.44,0.0877,-0.1728,0.3618,0.5649,0.0159,0.822,0.096,0.1457,0.0706,1
38.46,0.3003,-0.1586,0.2318,0.5648,0.0209,0.8252,0.0971,0.1452,0.1044,1
38.48,-0.0025,0.4134,0.2879,0.5657,0.0126,0.8275,0.0974,0.146,0.0815,1
38.5,-0.3212,0.8075,0.3513,0.5651,0.0082,0.8241,0.0963,0.1455,0.0954,1
38.52,-0.4203,0.4884,0.1012,0.5658,0.0201,0.8249,0.0976,0.1444,0.0786,1
38.54,-0.2736,-0.0063,0.1749,0.5601,0.0138,0.8315,0.0951,0.1458,0.0914,1
38.56,-0.3326,-0.4806,-0.0555,0.5605,0.0134,0.8263,0.0953,0.1445,0.0631,1
38.58,-0.123,-1.0953,0.1347,0.5606,0.0031,0.8232,0.0932,0.1452,0.0826,1
38.6,-0.0441,0.0209,0.0773,0.5632,0.0158,0.8274,0.0965,0.1457,0.0843,1
38.62,0.3705,0.3353,0.0698,0.5635,0.0176,0.8236,0.0967,0.1443,0.0875,1
38.64,0.3867,-0.0987,0.0386,0.5628,0.0172,0.8246,0.0981,0.1437,0.0697,1
38.66,0.2204,-0.3343,-0.1814,0.5638,0.0154,0.8245,0.0961,0.145,0.0757,1
38.68,0.2058,-0.5298,-0.2737,0.5614,0.0159,0.8231,0.0963,0.1448,0.059,1
38.7,0.1981,-1.2027,-0.1149,0.5624,0.0183,0.8265,0.0969,0.1468,0.0719,1
38.72,0.1895,-2.3284,-0.1017,0.564,0.0163,0.8263,0.0966,0.1463,0.0633,1
38.74,0.111,-2.9886,0.0766,0.5703,0.0175,0.8275,0.0942,0.1453,0.0727,1
38.76,0.1793,-2.337,-0.0482,0.569,0.0138,0.8269,0.0959,0.1461,0.0701,1
38.78,0.3296,-0.6848,-0.0786,0.5662,0.0189,0.8219,0.0954,0.1458,0.0719,1
38.8,0.2494,0.691,-0.0618,0.5657,0.0269,0.8194,0.0937,0.1464,0.0613,1
38.82,0.309,0.7452,0.1459,0.5656,0.0278,0.8198,0.0953,0.1452,0.0552,1
38.84,0.4309,0.5292,0.4219,0.5669,0.0234,0.8215,0.0941,0.1454,0.0644,1
38.86,0.2008,0.1796,0.3196,0.5654,0.0237,0.8232,0.0927,0.1455,0.0724,1
38.88,-0.1842,-0.0216,0.4146,0.5659,0.0206,0.8186,0.0945,0.1456,0.0785,1
38.9,-0.2293,0.0276,0.4135,0.5698,0.0096,0.8237,0.0911,0.1458,0.0719,1
38.92,-0.5833,0.0398,0.5015,0.5722,0.0225,0.8197,0.0907,0.1464,0.0556,1
38.94,-0.3006,-0.2844,0.2993,0.5718,0.0101,0.8187,0.0918,0.145,0.0677,1
38.96,-0.641,-0.5464,0.4033,0.572,0.0219,0.82,0.0897,0.1451,0.0553,1
38.98,-0.4299,-0.2988,0.4694,0.5707,0.0178,0.8188,0.0899,0.1462,0.0772,1
39.0,-0.1171,-0.3748,0.642,0.5709,0.0199,0.8242,0.0889,0.145,0.0683,1
39.02,-0.3821,0.0862,0.6076,0.5707,0.0211,0.8237,0.0892,0.1443,0.0658,1
39.04,-0.5119,-0.146,0.7439,0.5687,0.0221,0.8216,0.0903,0.1447,0.0665,1
39.06,-0.4875,-0.3878,0.6977,0.57,0.0152,0.8242,0.0894,0.1456,0.055,1
39.08,-0.8246,-0.2407,0.4561,0.5699,0.0145,0.8211,0.0891,0.1457,0.0631,1
39.1,-0.7645,-0.1364,0.5726,0.5701,0.0155,0.8215,0.0902,0.1451,0.0496,1
39.12,-0.4943,0.0989,0.6038,0.5674,0.0132,0.8214,0.0905,0.1457,0.0092,1
39.14,-0.4933,0.1685,0.6322,0.569,0.0104,0.8175,0.0901,0.1456,0.0,1
39.16,-0.4706,-0.1163,0.639,0.5707,0.011,0.8159,0.0888,0.1445,0.0,1
39.18,-0.6511,-0.0664,0.3532,0.5711,0.0112,0.8194,0.0888,0.1449,0.0003,1
39.2,-0.6576,-0.1977,0.3402,0.5696,0.0207,0.8201,0.089,0.1451,0.0149,1
39.22,-0.3467,-0.2887,0.4209,0.5724,0.0157,0.8206,0.0875,0.1451,0.003,1
39.24,-0.0991,-0.1401,0.3125,0.5713,0.0125,0.8206,0.0893,0.1453,0.0085,1
39.26,-0.5393,-0.3731,0.1966,0.571,0.0108,0.8192,0.0885,0.1448,0.0,1
39.28,-0.4844,-0.4001,0.2859,0.571,0.0205,0.8199,0.0892,0.1453,0.0,1
39.3,-0.4966,0.0625,-0.0139,0.5705,0.0189,0.8217,0.0888,0.1455,0.0,1
39.32,-0.3027,0.2016,0.1601,0.5705,0.0174,0.825,0.0892,0.1444,0.0113,1
39.34,-0.3401,0.1486,0.63,0.5714,0.0097,0.8192,0.0871,0.1468,0.0,1
39.36,-0.4476,0.1772,0.3927,0.568,0.0123,0.8169,0.0885,0.1461,0.0,1
39.38,-0.2315,0.1191,0.3777,0.5637,0.0155,0.8193,0.0896,0.1461,0.0,1
39.4,-0.0158,-0.3247,0.3006,0.5678,0.0068,0.8184,0.0875,0.1459,0.0092,1
39.42,-0.5091,-0.2285,0.4225,0.5707,0.0112,0.8219,0.0897,0.1448,0.0155,1
39.44,-0.3855,-0.338,0.6129,0.5719,0.0113,0.8211,0.0888,0.145,0.0059,1
39.46,-0.299,-0.2279,0.5112,0.5715,0.014,0.8186,0.0901,0.1465,0.0004,1
39.48,-0.0534,0.2217,0.3937,0.574,0.0185,0.8168,0.0905,0.1443,0.0001,1
39.5,0.1069,0.0961,0.3446,0.5712,0.0168,0.818,0.0893,0.1442,0.0035,1
39.52,-0.0523,-0.2189,0.5533,0.569,0.0168,0.8206,0.0886,0.1456,0.0215,1
39.54,-0.352,0.4075,0.3527,0.5685,0.0165,0.8191,0.0893,0.1452,0.0087,1
39.56,-0.291,0.6533,0.1469,0.5682,0.0098,0.82,0.0909,0.1456,0.0149,1
39.58,-0.3194,0.7777,-0.1483,0.5703,0.0176,0.8225,0.0894,0.1441,0.012,1
39.6,-0.4847,0.3074,0.3642,0.5694,0.0101,0.8212,0.0878,0.1466,0.0,1
39.62,-0.3902,0.5078,0.2274,0.5713,0.0193,0.8181,0.088,0.1461,0.0486,1
39.64,-0.1442,0.67,0.236,0.5685,0.0111,0.8221,0.0909,0.1449,0.0367,1
39.66,-0.1035,0.4775,0.1299,0.5688,0.0138,0.8231,0.09,0.1471,0.0707,1
39.68,-0.2287,0.4719,0.1123,0.5693,0.007,0.8232,0.0908,0.1457,0.0598,1
39.7,-0.4811,0.4772,0.1248,0.565,0.0097,0.8245,0.0886,0.1461,0.047,1
39.72,-0.2127,1.0753,0.1952,0.5696,0.0068,0.8257,0.0883,0.1454,0.0526,1
39.74,-0.5137,1.0498,0.1332,0.5678,0.0103,0.8262,0.0916,0.1457,0.0672,1
39.76,-0.8293,0.3981,-0.0655,0.5672,0.0124,0.8216,0.0918,0.1457,0.0787,1
39.78,-0.5559,0.6579,-0.0723,0.568,0.0152,0.8196,0.0929,0.1464,0.0789,1
39.8,-0.3498,0.3252,-0.0372,0.5673,0.0134,0.8212,0.093,0.1453,0.0732,1
39.82,-0.4721,0.4534,-0.0147,0.5682,0.0096,0.8262,0.0915,0.1447,0.0649,1
39.84,-0.4007,0.4562,-0.0675,0.5683,0.0107,0.8263,0.0903,0.1448,0.0712,1
39.86,-0.2757,0.7113,-0.2185,0.5682,0.014,0.8238,0.0914,0.1357,0.0681,1
39.88,0.2664,0.8129,-0.1358,0.5675,0.0196,0.8252,0.0944,0.1355,0.0516,1
39.9,0.5238,0.0707,0.04,0.5688,0.01,0.8257,0.0969,0.1395,0.0769,1
39.92,0.226,-0.486,0.2584,0.5657,0.0056,0.8241,0.0941,0.141,0.0972,1
39.94,0.1351,0.4395,0.2813,0.5667,0.0138,0.8181,0.093,0.144,0.0747,1
39.96,-0.0749,0.522,-0.1093,0.5694,0.0163,0.824,0.096,0.1426,0.0582,1
39.98,-0.0851,0.54,-0.1679,0.5629,0.0193,0.8237,0.0964,0.1437,0.0656,1
40.0,0.0619,0.032,-0.1366,0.5618,0.0173,0.8242,0.0951,0.1441,0.1013,1
